DB 54
DB 54,54,54,54,54,54,54,54,54,54,54,54,54,54,54,54,54,54,54,54,54,54,54,54,54,54,54,54,54,54,54,54,54,54,54,54,54,54,54,54,54,54,54,54,54,54,54,54,54,54
DB 54,54,54,54,54,54,54,54,54,54,54,54,54,54,54,54,54,54,54,54,54,54,54,54,54,54,54,54,54,54,54,54,54,54,54,54,54,54,54,54,54,54,54,54,54,54,54,54,54,54
DB 54,54,54,54,54,54,54,54,54,54,54,54,54,54,54,54,54,54,54,54,54,54,54,54,54,54,54,54,54,54,54,54,54,54,54,54,54,54,54,54,54,54,54,54,54,54,54,54,54,54
DB 54,54,54,54,54,54,54,54,54,54,54,54,54,54,54,54,54,54,54,54,54,54,54,54,54,54,54,54,54,54,54,54,54,54,54,54,54,54,54,54,54,54,54,54,54,54,54,54,54,54
DB 0,0,0,0,0,0,0,0,0,0,0,0,0,0,0,0,0,0,0,0,0,0,0,0,0,0,0,0,0,0,0,0,0,0,0,0,0,0,0,0,0,0,0,0,0,0,0,0,0,0
DB 0,0,0,0,0,0,0,0,0,0,0,0,0,0,0,0,0,0,0,0,0,0,0,0,0,0,0,0,0,0,0,0,0,0,0,0,0,0,0,0,0,0,0,0,0,0,0,0,0,0
DB 0,0,0,0,0,0,0,0,0,0,0,0,0,0,0,0,0,0,0,0,0,0,0,0,0,0,0,0,0,0,0,0,0,0,0,0,0,0,0,0,0,0,0,0,0,0,0,0,0,0
DB 0,0,0,0,0,0,0,0,0,0,0,0,0,0,0,0,0,0,0,0,0,0,0,0,0,0,0,0,0,0,0,0,0,0,0,0,0,0,0,0,0,0,0,0,0,0,0,0,54,54
DB 0,0,0,0,0,0,0,0,0,0,0,0,0,0,0,0,0,0,0,0,0,0,0,0,0,0,0,0,0,0,0,0,0,0,0,0,0,0,0,0,0,0,0,0,0,0,0,0,0,0
DB 0,0,0,0,0,0,0,0,0,0,0,0,0,0,0,0,0,0,0,0,0,0,0,0,0,0,0,0,0,0,0,0,0,0,0,0,0,0,0,0,0,0,0,0,0,0,0,0,0,0
DB 0,0,0,0,0,0,0,0,0,0,0,0,0,0,0,0,0,0,0,0,0,0,0,0,0,0,0,0,0,0,0,0,0,0,0,0,0,0,0,0,0,0,0,0,0,0,0,0,0,0
DB 0,0,0,0,0,0,0,0,0,0,0,0,0,0,0,0,0,0,0,0,0,0,0,0,0,0,0,0,0,0,0,0,0,0,0,0,0,0,0,0,0,0,0,0,0,0,0,0,54,54
DB 0,0,54,54,54,54,54,54,54,54,54,54,54,54,54,54,54,54,54,54,54,54,54,54,54,54,54,54,54,54,54,54,54,54,54,54,54,54,54,54,54,54,54,54,54,54,54,54,54,54
DB 54,54,54,54,54,54,54,54,54,54,54,54,54,54,54,54,54,54,54,54,54,54,54,54,54,54,54,54,54,54,54,54,54,54,54,54,54,54,54,54,54,54,54,54,54,54,54,54,54,54
DB 54,54,54,54,54,54,54,54,54,54,54,54,54,54,54,54,54,54,54,54,54,54,54,54,54,54,54,54,54,54,54,54,54,54,54,54,54,54,54,54,54,54,54,54,54,54,54,54,54,54
DB 54,54,54,54,54,54,54,54,54,54,54,54,54,54,54,54,54,54,54,54,54,54,54,54,54,54,54,54,54,54,54,54,54,54,54,54,54,54,54,54,54,54,54,54,54,54,0,0,54,54
DB 0,0,54,0,0,0,0,0,0,0,0,0,0,0,0,0,0,0,0,0,0,0,0,0,0,0,0,0,0,0,0,0,0,0,0,0,0,0,0,0,0,0,0,0,0,0,0,0,0,0
DB 0,0,0,0,0,0,0,0,0,0,0,0,0,0,0,0,0,0,0,0,0,0,0,0,0,0,0,0,0,0,0,0,0,0,0,0,0,0,0,0,0,0,0,0,0,0,0,0,0,0
DB 0,0,0,0,0,0,0,0,0,0,0,0,0,0,0,0,0,0,0,0,0,0,0,0,0,0,0,0,0,0,0,0,0,0,0,0,0,0,0,0,0,0,0,0,0,0,0,0,0,0
DB 0,0,0,0,0,0,0,0,0,0,0,0,0,0,0,0,0,0,0,0,0,0,0,0,0,0,0,0,0,0,0,0,0,0,0,0,0,0,0,0,0,0,0,0,0,54,0,0,54,54
DB 0,0,54,0,0,0,0,0,0,0,0,0,0,0,0,0,0,0,0,0,0,0,0,0,0,0,0,0,0,0,0,0,0,0,0,0,0,0,0,0,0,0,0,0,0,0,0,0,0,0
DB 0,0,0,0,0,0,0,0,0,0,0,0,0,0,0,0,0,0,0,0,0,0,0,0,0,0,0,0,0,0,0,0,0,0,0,0,0,0,0,0,0,0,0,0,0,0,0,0,0,0
DB 0,0,0,0,0,0,0,0,0,0,0,0,0,0,0,0,0,0,0,0,0,0,0,0,0,0,0,0,0,0,0,0,0,0,0,0,0,0,0,0,0,0,0,0,0,0,0,0,0,0
DB 0,0,0,0,0,0,0,0,0,0,0,0,0,0,0,0,0,0,0,0,0,0,0,0,0,0,0,0,0,0,0,0,0,0,0,0,0,0,0,0,0,0,0,0,0,54,0,0,54,54
DB 0,0,54,0,0,0,0,0,0,0,0,0,0,0,0,0,0,0,0,0,0,0,0,0,0,0,0,0,0,0,0,0,0,0,0,0,0,0,0,0,0,0,0,0,0,0,0,0,0,0
DB 0,0,0,0,0,0,0,0,0,0,0,0,0,0,0,0,0,0,0,0,0,0,0,0,0,0,0,0,0,0,0,0,0,0,0,0,0,0,0,0,0,0,0,0,0,0,0,0,0,0
DB 0,0,0,0,0,0,0,0,0,0,0,0,0,0,0,0,0,0,0,0,0,0,0,0,0,0,0,0,0,0,0,0,0,0,0,0,0,0,0,0,0,0,0,0,0,0,0,0,0,0
DB 0,0,0,0,0,0,0,0,0,0,0,0,0,0,0,0,0,0,0,0,0,0,0,0,0,0,0,0,0,0,0,0,0,0,0,0,0,0,0,0,0,0,0,0,0,54,0,0,54,54
DB 0,0,54,0,0,0,0,0,0,0,0,0,0,0,0,0,0,0,0,0,0,0,0,0,0,0,0,0,0,0,0,0,0,0,0,0,0,0,0,0,0,0,0,0,0,0,0,0,0,0
DB 0,0,0,0,0,0,0,0,0,0,0,0,0,0,0,0,0,0,0,0,0,0,0,0,0,0,0,0,0,0,0,0,0,0,0,0,0,0,0,0,0,0,0,0,0,0,0,0,0,0
DB 0,0,0,0,0,0,0,0,0,0,0,0,0,0,0,0,0,0,0,0,0,0,0,0,0,0,0,0,0,0,0,0,0,0,0,0,0,0,0,0,0,0,0,0,0,0,0,0,0,0
DB 0,0,0,0,0,0,0,0,0,0,0,0,0,0,0,0,0,0,0,0,0,0,0,0,0,0,0,0,0,0,0,0,0,0,0,0,0,0,0,0,0,0,0,0,0,54,0,0,54,54
DB 0,0,54,0,0,0,0,0,0,0,0,0,0,0,0,0,0,0,0,0,0,0,0,0,0,0,0,0,0,0,0,0,0,0,0,0,0,0,0,0,0,0,0,0,0,0,0,0,0,0
DB 0,0,0,0,0,0,0,0,0,0,0,0,0,0,0,0,0,0,0,0,0,0,0,0,0,0,0,0,0,0,0,0,0,0,0,0,0,0,0,0,0,0,0,0,0,0,0,0,0,0
DB 0,0,0,0,0,0,0,0,0,0,0,0,0,0,0,0,0,0,0,0,0,0,0,0,0,0,0,0,0,0,0,0,0,0,0,0,0,0,0,0,0,0,0,0,0,0,0,0,0,0
DB 0,0,0,0,0,0,0,0,0,0,0,0,0,0,0,0,0,0,0,0,0,0,0,0,0,0,0,0,0,0,0,0,0,0,0,0,0,0,0,0,0,0,0,0,0,54,0,0,54,54
DB 0,0,54,0,0,0,0,0,0,0,0,0,0,0,0,0,0,0,0,0,0,0,0,0,0,0,0,0,0,0,0,0,0,0,0,0,0,0,0,0,0,0,0,0,0,0,0,0,0,0
DB 0,0,0,0,0,0,0,0,0,0,0,0,0,0,0,0,0,0,0,0,0,0,0,0,0,0,0,0,0,0,0,0,0,0,0,0,0,0,0,0,0,0,0,0,0,0,0,0,0,0
DB 0,0,0,0,0,0,0,0,0,0,0,0,0,0,0,0,0,0,0,0,0,0,0,0,0,0,0,0,0,0,0,0,0,0,0,0,0,0,0,0,0,0,0,0,0,0,0,0,0,0
DB 0,0,0,0,0,0,0,0,0,0,0,0,0,0,0,0,0,0,0,0,0,0,0,0,0,0,0,0,0,0,0,0,0,0,0,0,0,0,0,0,0,0,0,0,0,54,0,0,54,54
DB 0,0,54,0,0,0,0,0,0,0,0,0,0,0,0,0,0,0,0,0,0,0,0,0,0,0,0,0,0,0,0,0,0,0,0,0,0,0,0,0,0,0,0,0,0,0,0,0,0,0
DB 0,0,0,0,0,0,0,0,0,0,0,0,0,0,0,0,0,0,0,0,0,0,0,0,0,0,0,0,0,0,0,0,0,0,0,0,0,0,0,0,0,0,0,0,0,0,0,0,0,0
DB 0,0,0,0,0,0,0,0,0,0,0,0,0,0,0,0,0,0,0,0,0,0,0,0,0,0,0,0,0,0,0,0,0,0,0,0,0,0,0,0,0,0,0,0,0,0,0,0,0,0
DB 0,0,0,0,0,0,0,0,0,0,0,0,0,0,0,0,0,0,0,0,0,0,0,0,0,0,0,0,0,0,0,0,0,0,0,0,0,0,0,0,0,0,0,0,0,54,0,0,54,54
DB 0,0,54,0,0,0,0,0,0,0,0,0,0,0,0,0,0,0,0,0,0,0,0,0,0,0,0,0,0,0,0,0,0,0,0,0,0,0,0,0,0,0,0,0,0,0,0,0,0,0
DB 0,0,0,0,0,0,0,0,0,0,0,0,0,0,0,0,0,0,0,0,0,0,0,0,0,0,0,0,0,0,0,0,0,0,0,0,0,0,0,0,0,0,0,0,0,0,0,0,0,0
DB 0,0,0,0,0,0,0,0,0,0,0,0,0,0,0,0,0,0,0,0,0,0,0,0,0,0,0,0,0,0,0,0,0,0,0,0,0,0,0,0,0,0,0,0,0,0,0,0,0,0
DB 0,0,0,0,0,0,0,0,0,0,0,0,0,0,0,0,0,0,0,0,0,0,0,0,0,0,0,0,0,0,0,0,0,0,0,0,0,0,0,0,0,0,0,0,0,54,0,0,54,54
DB 0,0,54,0,0,0,0,0,0,0,0,54,54,54,54,54,54,54,54,0,0,0,0,0,0,0,0,54,54,54,54,54,54,54,54,0,0,0,0,0,0,0,0,54,54,54,54,54,54,54
DB 54,0,0,0,0,0,0,0,0,54,54,54,54,54,54,54,54,0,0,0,0,0,0,0,0,54,54,54,54,54,54,54,54,0,0,0,0,0,0,0,0,54,54,54,54,54,54,54,54,54
DB 54,54,54,54,54,54,54,0,0,0,0,0,0,0,0,54,54,54,54,54,54,54,54,0,0,0,0,0,0,0,0,54,54,54,54,54,54,54,54,0,0,0,0,0,0,0,0,54,54,54
DB 54,54,54,54,54,0,0,0,0,0,0,0,0,54,54,54,54,54,54,54,54,0,0,0,0,0,0,0,0,54,54,54,54,54,54,54,54,0,0,0,0,0,0,0,0,54,0,0,54,54
DB 0,0,54,0,0,0,0,0,0,0,0,54,0,0,0,0,0,0,54,0,0,0,0,0,0,0,0,54,0,0,0,0,0,0,54,0,0,0,0,0,0,0,0,54,0,0,0,0,0,0
DB 54,0,0,0,0,0,0,0,0,54,0,0,0,0,0,0,54,0,0,0,0,0,0,0,0,54,0,0,0,0,0,0,54,0,0,0,0,0,0,0,0,54,0,0,0,0,0,0,54,54
DB 0,0,0,0,0,0,54,0,0,0,0,0,0,0,0,54,0,0,0,0,0,0,54,0,0,0,0,0,0,0,0,54,0,0,0,0,0,0,54,0,0,0,0,0,0,0,0,54,0,0
DB 0,0,0,0,54,0,0,0,0,0,0,0,0,54,0,0,0,0,0,0,54,0,0,0,0,0,0,0,0,54,0,0,0,0,0,0,54,0,0,0,0,0,0,0,0,54,0,0,54,54
DB 0,0,54,0,0,0,0,0,0,0,0,54,0,0,0,0,0,0,54,0,0,0,0,0,0,0,0,54,0,0,0,0,0,0,54,0,0,0,0,0,0,0,0,54,0,0,0,0,0,0
DB 54,0,0,0,0,0,0,0,0,54,0,0,0,0,0,0,54,0,0,0,0,0,0,0,0,54,0,0,0,0,0,0,54,0,0,0,0,0,0,0,0,54,0,0,0,0,0,0,54,54
DB 0,0,0,0,0,0,54,0,0,0,0,0,0,0,0,54,0,0,0,0,0,0,54,0,0,0,0,0,0,0,0,54,0,0,0,0,0,0,54,0,0,0,0,0,0,0,0,54,0,0
DB 0,0,0,0,54,0,0,0,0,0,0,0,0,54,0,0,0,0,0,0,54,0,0,0,0,0,0,0,0,54,0,0,0,0,0,0,54,0,0,0,0,0,0,0,0,54,0,0,54,54
DB 0,0,54,0,0,0,0,0,0,0,0,54,0,0,0,0,0,0,54,0,0,0,0,0,0,0,0,54,0,0,0,0,0,0,54,0,0,0,0,0,0,0,0,54,0,0,0,0,0,0
DB 54,0,0,0,0,0,0,0,0,54,0,0,0,0,0,0,54,0,0,0,0,0,0,0,0,54,0,0,0,0,0,0,54,0,0,0,0,0,0,0,0,54,0,0,0,0,0,0,54,54
DB 0,0,0,0,0,0,54,0,0,0,0,0,0,0,0,54,0,0,0,0,0,0,54,0,0,0,0,0,0,0,0,54,0,0,0,0,0,0,54,0,0,0,0,0,0,0,0,54,0,0
DB 0,0,0,0,54,0,0,0,0,0,0,0,0,54,0,0,0,0,0,0,54,0,0,0,0,0,0,0,0,54,0,0,0,0,0,0,54,0,0,0,0,0,0,0,0,54,0,0,54,54
DB 0,0,54,0,0,0,0,0,0,0,0,54,0,0,0,0,0,0,54,0,0,0,0,0,0,0,0,54,0,0,0,0,0,0,54,0,0,0,0,0,0,0,0,54,0,0,0,0,0,0
DB 54,0,0,0,0,0,0,0,0,54,0,0,0,0,0,0,54,0,0,0,0,0,0,0,0,54,0,0,0,0,0,0,54,0,0,0,0,0,0,0,0,54,0,0,0,0,0,0,54,54
DB 0,0,0,0,0,0,54,0,0,0,0,0,0,0,0,54,0,0,0,0,0,0,54,0,0,0,0,0,0,0,0,54,0,0,0,0,0,0,54,0,0,0,0,0,0,0,0,54,0,0
DB 0,0,0,0,54,0,0,0,0,0,0,0,0,54,0,0,0,0,0,0,54,0,0,0,0,0,0,0,0,54,0,0,0,0,0,0,54,0,0,0,0,0,0,0,0,54,0,0,54,54
DB 0,0,54,0,0,0,0,0,0,0,0,54,0,0,0,0,0,0,54,0,0,0,0,0,0,0,0,54,0,0,0,0,0,0,54,0,0,0,0,0,0,0,0,54,0,0,0,0,0,0
DB 54,0,0,0,0,0,0,0,0,54,0,0,0,0,0,0,54,0,0,0,0,0,0,0,0,54,0,0,0,0,0,0,54,0,0,0,0,0,0,0,0,54,0,0,0,0,0,0,54,54
DB 0,0,0,0,0,0,54,0,0,0,0,0,0,0,0,54,0,0,0,0,0,0,54,0,0,0,0,0,0,0,0,54,0,0,0,0,0,0,54,0,0,0,0,0,0,0,0,54,0,0
DB 0,0,0,0,54,0,0,0,0,0,0,0,0,54,0,0,0,0,0,0,54,0,0,0,0,0,0,0,0,54,0,0,0,0,0,0,54,0,0,0,0,0,0,0,0,54,0,0,54,54
DB 0,0,54,0,0,0,0,0,0,0,0,54,0,0,0,0,0,0,54,0,0,0,0,0,0,0,0,54,0,0,0,0,0,0,54,0,0,0,0,0,0,0,0,54,0,0,0,0,0,0
DB 54,0,0,0,0,0,0,0,0,54,0,0,0,0,0,0,54,0,0,0,0,0,0,0,0,54,0,0,0,0,0,0,54,0,0,0,0,0,0,0,0,54,0,0,0,0,0,0,54,54
DB 0,0,0,0,0,0,54,0,0,0,0,0,0,0,0,54,0,0,0,0,0,0,54,0,0,0,0,0,0,0,0,54,0,0,0,0,0,0,54,0,0,0,0,0,0,0,0,54,0,0
DB 0,0,0,0,54,0,0,0,0,0,0,0,0,54,0,0,0,0,0,0,54,0,0,0,0,0,0,0,0,54,0,0,0,0,0,0,54,0,0,0,0,0,0,0,0,54,0,0,54,54
DB 0,0,54,0,0,0,0,0,0,0,0,54,54,54,54,54,54,54,54,0,0,0,0,0,0,0,0,54,54,54,54,54,54,54,54,0,0,0,0,0,0,0,0,54,54,54,54,54,54,54
DB 54,0,0,0,0,0,0,0,0,54,54,54,54,54,54,54,54,0,0,0,0,0,0,0,0,54,54,54,54,54,54,54,54,0,0,0,0,0,0,0,0,54,54,54,54,54,54,54,54,54
DB 54,54,54,54,54,54,54,0,0,0,0,0,0,0,0,54,54,54,54,54,54,54,54,0,0,0,0,0,0,0,0,54,54,54,54,54,54,54,54,0,0,0,0,0,0,0,0,54,54,54
DB 54,54,54,54,54,0,0,0,0,0,0,0,0,54,54,54,54,54,54,54,54,0,0,0,0,0,0,0,0,54,54,54,54,54,54,54,54,0,0,0,0,0,0,0,0,54,0,0,54,54
DB 0,0,54,0,0,0,0,0,0,0,0,0,0,0,0,0,0,0,0,0,0,0,0,0,0,0,0,0,0,0,0,0,0,0,0,0,0,0,0,0,0,0,0,0,0,0,0,0,0,0
DB 0,0,0,0,0,0,0,0,0,0,0,0,0,0,0,0,0,0,0,0,0,0,0,0,0,0,0,0,0,0,0,0,0,0,0,0,0,0,0,0,0,0,0,0,0,0,0,0,0,0
DB 0,0,0,0,0,0,0,0,0,0,0,0,0,0,0,0,0,0,0,0,0,0,0,0,0,0,0,0,0,0,0,0,0,0,0,0,0,0,0,0,0,0,0,0,0,0,0,0,0,0
DB 0,0,0,0,0,0,0,0,0,0,0,0,0,0,0,0,0,0,0,0,0,0,0,0,0,0,0,0,0,0,0,0,0,0,0,0,0,0,0,0,0,0,0,0,0,54,0,0,54,54
DB 0,0,54,0,0,0,0,0,0,0,0,0,0,0,0,0,0,0,0,0,0,0,0,0,0,0,0,0,0,0,0,0,0,0,0,0,0,0,0,0,0,0,0,0,0,0,0,0,0,0
DB 0,0,0,0,0,0,0,0,0,0,0,0,0,0,0,0,0,0,0,0,0,0,0,0,0,0,0,0,0,0,0,0,0,0,0,0,0,0,0,0,0,0,0,0,0,0,0,0,0,0
DB 0,0,0,0,0,0,0,0,0,0,0,0,0,0,0,0,0,0,0,0,0,0,0,0,0,0,0,0,0,0,0,0,0,0,0,0,0,0,0,0,0,0,0,0,0,0,0,0,0,0
DB 0,0,0,0,0,0,0,0,0,0,0,0,0,0,0,0,0,0,0,0,0,0,0,0,0,0,0,0,0,0,0,0,0,0,0,0,0,0,0,0,0,0,0,0,0,54,0,0,54,54
DB 0,0,54,0,0,0,0,0,0,0,0,0,0,0,0,0,0,0,0,0,0,0,0,0,0,0,0,0,0,0,0,0,0,0,0,0,0,0,0,0,0,0,0,0,0,0,0,0,0,0
DB 0,0,0,0,0,0,0,0,0,0,0,0,0,0,0,0,0,0,0,0,0,0,0,0,0,0,0,0,0,0,0,0,0,0,0,0,0,0,0,0,0,0,0,0,0,0,0,0,0,0
DB 0,0,0,0,0,0,0,0,0,0,0,0,0,0,0,0,0,0,0,0,0,0,0,0,0,0,0,0,0,0,0,0,0,0,0,0,0,0,0,0,0,0,0,0,0,0,0,0,0,0
DB 0,0,0,0,0,0,0,0,0,0,0,0,0,0,0,0,0,0,0,0,0,0,0,0,0,0,0,0,0,0,0,0,0,0,0,0,0,0,0,0,0,0,0,0,0,54,0,0,54,54
DB 0,0,54,0,0,0,0,0,0,0,0,0,0,0,0,0,0,0,0,0,0,0,0,0,0,0,0,0,0,0,0,0,0,0,0,0,0,0,0,0,0,0,0,0,0,0,0,0,0,0
DB 0,0,0,0,0,0,0,0,0,0,0,0,0,0,0,0,0,0,0,0,0,0,0,0,0,0,0,0,0,0,0,0,0,0,0,0,0,0,0,0,0,0,0,0,0,0,0,0,0,0
DB 0,0,0,0,0,0,0,0,0,0,0,0,0,0,0,0,0,0,0,0,0,0,0,0,0,0,0,0,0,0,0,0,0,0,0,0,0,0,0,0,0,0,0,0,0,0,0,0,0,0
DB 0,0,0,0,0,0,0,0,0,0,0,0,0,0,0,0,0,0,0,0,0,0,0,0,0,0,0,0,0,0,0,0,0,0,0,0,0,0,0,0,0,0,0,0,0,54,0,0,54,54
DB 0,0,54,0,0,0,0,0,0,0,0,0,0,0,0,0,0,0,0,0,0,0,0,0,0,0,0,0,0,0,0,0,0,0,0,0,0,0,0,0,0,0,0,0,0,0,0,0,0,0
DB 0,0,0,0,0,0,0,0,0,0,0,0,0,0,0,0,0,0,0,0,0,0,0,0,0,0,0,0,0,0,0,0,0,0,0,0,0,0,0,0,0,0,0,0,0,0,0,0,0,0
DB 0,0,0,0,0,0,0,0,0,0,0,0,0,0,0,0,0,0,0,0,0,0,0,0,0,0,0,0,0,0,0,0,0,0,0,0,0,0,0,0,0,0,0,0,0,0,0,0,0,0
DB 0,0,0,0,0,0,0,0,0,0,0,0,0,0,0,0,0,0,0,0,0,0,0,0,0,0,0,0,0,0,0,0,0,0,0,0,0,0,0,0,0,0,0,0,0,54,0,0,54,54
DB 0,0,54,0,0,0,0,0,0,0,0,0,0,0,0,0,0,0,0,0,0,0,0,0,0,0,0,0,0,0,0,0,0,0,0,0,0,0,0,0,0,0,0,0,0,0,0,0,0,0
DB 0,0,0,0,0,0,0,0,0,0,0,0,0,0,0,0,0,0,0,0,0,0,0,0,0,0,0,0,0,0,0,0,0,0,0,0,0,0,0,0,0,0,0,0,0,0,0,0,0,0
DB 0,0,0,0,0,0,0,0,0,0,0,0,0,0,0,0,0,0,0,0,0,0,0,0,0,0,0,0,0,0,0,0,0,0,0,0,0,0,0,0,0,0,0,0,0,0,0,0,0,0
DB 0,0,0,0,0,0,0,0,0,0,0,0,0,0,0,0,0,0,0,0,0,0,0,0,0,0,0,0,0,0,0,0,0,0,0,0,0,0,0,0,0,0,0,0,0,54,0,0,54,54
DB 0,0,54,0,0,0,0,0,0,0,0,0,0,0,0,0,0,0,0,0,0,0,0,0,0,0,0,0,0,0,0,0,0,0,0,0,0,0,0,0,0,0,0,0,0,0,0,0,0,0
DB 0,0,0,0,0,0,0,0,0,0,0,0,0,0,0,0,0,0,0,0,0,0,0,0,0,0,0,0,0,0,0,0,0,0,0,0,0,0,0,0,0,0,0,0,0,0,0,0,0,0
DB 0,0,0,0,0,0,0,0,0,0,0,0,0,0,0,0,0,0,0,0,0,0,0,0,0,0,0,0,0,0,0,0,0,0,0,0,0,0,0,0,0,0,0,0,0,0,0,0,0,0
DB 0,0,0,0,0,0,0,0,0,0,0,0,0,0,0,0,0,0,0,0,0,0,0,0,0,0,0,0,0,0,0,0,0,0,0,0,0,0,0,0,0,0,0,0,0,54,0,0,54,54
DB 0,0,54,0,0,0,0,0,0,0,0,0,0,0,0,0,0,0,0,0,0,0,0,0,0,0,0,0,0,0,0,0,0,0,0,0,0,0,0,0,0,0,0,0,0,0,0,0,0,0
DB 0,0,0,0,0,0,0,0,0,0,0,0,0,0,0,0,0,0,0,0,0,0,0,0,0,0,0,0,0,0,0,0,0,0,0,0,0,0,0,0,0,0,0,0,0,0,0,0,0,0
DB 0,0,0,0,0,0,0,0,0,0,0,0,0,0,0,0,0,0,0,0,0,0,0,0,0,0,0,0,0,0,0,0,0,0,0,0,0,0,0,0,0,0,0,0,0,0,0,0,0,0
DB 0,0,0,0,0,0,0,0,0,0,0,0,0,0,0,0,0,0,0,0,0,0,0,0,0,0,0,0,0,0,0,0,0,0,0,0,0,0,0,0,0,0,0,0,0,54,0,0,54,54
DB 0,0,54,0,0,0,0,0,0,0,0,54,54,54,54,54,54,54,54,0,0,0,0,0,0,0,0,54,54,54,54,54,54,54,54,0,0,0,0,0,0,0,0,54,54,54,54,54,54,54
DB 54,0,0,0,0,0,0,0,0,54,54,54,54,54,54,54,54,0,0,0,0,0,0,0,0,54,54,54,54,54,54,54,54,0,0,0,0,0,0,0,0,54,54,54,54,54,54,54,54,54
DB 54,54,54,54,54,54,54,0,0,0,0,0,0,0,0,54,54,54,54,54,54,54,54,0,0,0,0,0,0,0,0,54,54,54,54,54,54,54,54,0,0,0,0,0,0,0,0,54,54,54
DB 54,54,54,54,54,0,0,0,0,0,0,0,0,54,54,54,54,54,54,54,54,0,0,0,0,0,0,0,0,54,54,54,54,54,54,54,54,0,0,0,0,0,0,0,0,54,0,0,54,54
DB 0,0,54,0,0,0,0,0,0,0,0,54,0,0,0,0,0,0,54,0,0,0,0,0,0,0,0,54,0,0,0,0,0,0,54,0,0,0,0,0,0,0,0,54,0,0,0,0,0,0
DB 54,0,0,0,0,0,0,0,0,54,0,0,0,0,0,0,54,0,0,0,0,0,0,0,0,54,0,0,0,0,0,0,54,0,0,0,0,0,0,0,0,54,0,0,0,0,0,0,54,54
DB 0,0,0,0,0,0,54,0,0,0,0,0,0,0,0,54,0,0,0,0,0,0,54,0,0,0,0,0,0,0,0,54,0,0,0,0,0,0,54,0,0,0,0,0,0,0,0,54,0,0
DB 0,0,0,0,54,0,0,0,0,0,0,0,0,54,0,0,0,0,0,0,54,0,0,0,0,0,0,0,0,54,0,0,0,0,0,0,54,0,0,0,0,0,0,0,0,54,0,0,54,54
DB 0,0,54,0,0,0,0,0,0,0,0,54,0,0,0,0,0,0,54,0,0,0,0,0,0,0,0,54,0,0,0,0,0,0,54,0,0,0,0,0,0,0,0,54,0,0,0,0,0,0
DB 54,0,0,0,0,0,0,0,0,54,0,0,0,0,0,0,54,0,0,0,0,0,0,0,0,54,0,0,0,0,0,0,54,0,0,0,0,0,0,0,0,54,0,0,0,0,0,0,54,54
DB 0,0,0,0,0,0,54,0,0,0,0,0,0,0,0,54,0,0,0,0,0,0,54,0,0,0,0,0,0,0,0,54,0,0,0,0,0,0,54,0,0,0,0,0,0,0,0,54,0,0
DB 0,0,0,0,54,0,0,0,0,0,0,0,0,54,0,0,0,0,0,0,54,0,0,0,0,0,0,0,0,54,0,0,0,0,0,0,54,0,0,0,0,0,0,0,0,54,0,0,54,54
DB 0,0,54,0,0,0,0,0,0,0,0,54,0,0,0,0,0,0,54,0,0,0,0,0,0,0,0,54,0,0,0,0,0,0,54,0,0,0,0,0,0,0,0,54,0,0,0,0,0,0
DB 54,0,0,0,0,0,0,0,0,54,0,0,0,0,0,0,54,0,0,0,0,0,0,0,0,54,0,0,0,0,0,0,54,0,0,0,0,0,0,0,0,54,0,0,0,0,0,0,54,54
DB 0,0,0,0,0,0,54,0,0,0,0,0,0,0,0,54,0,0,0,0,0,0,54,0,0,0,0,0,0,0,0,54,0,0,0,0,0,0,54,0,0,0,0,0,0,0,0,54,0,0
DB 0,0,0,0,54,0,0,0,0,0,0,0,0,54,0,0,0,0,0,0,54,0,0,0,0,0,0,0,0,54,0,0,0,0,0,0,54,0,0,0,0,0,0,0,0,54,0,0,54,54
DB 0,0,54,0,0,0,0,0,0,0,0,54,0,0,0,0,0,0,54,0,0,0,0,0,0,0,0,54,0,0,0,0,0,0,54,0,0,0,0,0,0,0,0,54,0,0,0,0,0,0
DB 54,0,0,0,0,0,0,0,0,54,0,0,0,0,0,0,54,0,0,0,0,0,0,0,0,54,0,0,0,0,0,0,54,0,0,0,0,0,0,0,0,54,0,0,0,0,0,0,54,54
DB 0,0,0,0,0,0,54,0,0,0,0,0,0,0,0,54,0,0,0,0,0,0,54,0,0,0,0,0,0,0,0,54,0,0,0,0,0,0,54,0,0,0,0,0,0,0,0,54,0,0
DB 0,0,0,0,54,0,0,0,0,0,0,0,0,54,0,0,0,0,0,0,54,0,0,0,0,0,0,0,0,54,0,0,0,0,0,0,54,0,0,0,0,0,0,0,0,54,0,0,54,54
DB 0,0,54,0,0,0,0,0,0,0,0,54,0,0,0,0,0,0,54,0,0,0,0,0,0,0,0,54,0,0,0,0,0,0,54,0,0,0,0,0,0,0,0,54,0,0,0,0,0,0
DB 54,0,0,0,0,0,0,0,0,54,0,0,0,0,0,0,54,0,0,0,0,0,0,0,0,54,0,0,0,0,0,0,54,0,0,0,0,0,0,0,0,54,0,0,0,0,0,0,54,54
DB 0,0,0,0,0,0,54,0,0,0,0,0,0,0,0,54,0,0,0,0,0,0,54,0,0,0,0,0,0,0,0,54,0,0,0,0,0,0,54,0,0,0,0,0,0,0,0,54,0,0
DB 0,0,0,0,54,0,0,0,0,0,0,0,0,54,0,0,0,0,0,0,54,0,0,0,0,0,0,0,0,54,0,0,0,0,0,0,54,0,0,0,0,0,0,0,0,54,0,0,54,54
DB 0,0,54,0,0,0,0,0,0,0,0,54,0,0,0,0,0,0,54,0,0,0,0,0,0,0,0,54,0,0,0,0,0,0,54,0,0,0,0,0,0,0,0,54,0,0,0,0,0,0
DB 54,0,0,0,0,0,0,0,0,54,0,0,0,0,0,0,54,0,0,0,0,0,0,0,0,54,0,0,0,0,0,0,54,0,0,0,0,0,0,0,0,54,0,0,0,0,0,0,54,54
DB 0,0,0,0,0,0,54,0,0,0,0,0,0,0,0,54,0,0,0,0,0,0,54,0,0,0,0,0,0,0,0,54,0,0,0,0,0,0,54,0,0,0,0,0,0,0,0,54,0,0
DB 0,0,0,0,54,0,0,0,0,0,0,0,0,54,0,0,0,0,0,0,54,0,0,0,0,0,0,0,0,54,0,0,0,0,0,0,54,0,0,0,0,0,0,0,0,54,0,0,54,54
DB 0,0,54,0,0,0,0,0,0,0,0,54,54,54,54,54,54,54,54,0,0,0,0,0,0,0,0,54,54,54,54,54,54,54,54,0,0,0,0,0,0,0,0,54,54,54,54,54,54,54
DB 54,0,0,0,0,0,0,0,0,54,54,54,54,54,54,54,54,0,0,0,0,0,0,0,0,54,54,54,54,54,54,54,54,0,0,0,0,0,0,0,0,54,54,54,54,54,54,54,54,54
DB 54,54,54,54,54,54,54,0,0,0,0,0,0,0,0,54,54,54,54,54,54,54,54,0,0,0,0,0,0,0,0,54,54,54,54,54,54,54,54,0,0,0,0,0,0,0,0,54,54,54
DB 54,54,54,54,54,0,0,0,0,0,0,0,0,54,54,54,54,54,54,54,54,0,0,0,0,0,0,0,0,54,54,54,54,54,54,54,54,0,0,0,0,0,0,0,0,54,0,0,54,54
DB 0,0,54,0,0,0,0,0,0,0,0,0,0,0,0,0,0,0,0,0,0,0,0,0,0,0,0,0,0,0,0,0,0,0,0,0,0,0,0,0,0,0,0,0,0,0,0,0,0,0
DB 0,0,0,0,0,0,0,0,0,0,0,0,0,0,0,0,0,0,0,0,0,0,0,0,0,0,0,0,0,0,0,0,0,0,0,0,0,0,0,0,0,0,0,0,0,0,0,0,0,0
DB 0,0,0,0,0,0,0,0,0,0,0,0,0,0,0,0,0,0,0,0,0,0,0,0,0,0,0,0,0,0,0,0,0,0,0,0,0,0,0,0,0,0,0,0,0,0,0,0,0,0
DB 0,0,0,0,0,0,0,0,0,0,0,0,0,0,0,0,0,0,0,0,0,0,0,0,0,0,0,0,0,0,0,0,0,0,0,0,0,0,0,0,0,0,0,0,0,54,0,0,54,54
DB 0,0,54,0,0,0,0,0,0,0,0,0,0,0,0,0,0,0,0,0,0,0,0,0,0,0,0,0,0,0,0,0,0,0,0,0,0,0,0,0,0,0,0,0,0,0,0,0,0,0
DB 0,0,0,0,0,0,0,0,0,0,0,0,0,0,0,0,0,0,0,0,0,0,0,0,0,0,0,0,0,0,0,0,0,0,0,0,0,0,0,0,0,0,0,0,0,0,0,0,0,0
DB 0,0,0,0,0,0,0,0,0,0,0,0,0,0,0,0,0,0,0,0,0,0,0,0,0,0,0,0,0,0,0,0,0,0,0,0,0,0,0,0,0,0,0,0,0,0,0,0,0,0
DB 0,0,0,0,0,0,0,0,0,0,0,0,0,0,0,0,0,0,0,0,0,0,0,0,0,0,0,0,0,0,0,0,0,0,0,0,0,0,0,0,0,0,0,0,0,54,0,0,54,54
DB 0,0,54,0,0,0,0,0,0,0,0,0,0,0,0,0,0,0,0,0,0,0,0,0,0,0,0,0,0,0,0,0,0,0,0,0,0,0,0,0,0,0,0,0,0,0,0,0,0,0
DB 0,0,0,0,0,0,0,0,0,0,0,0,0,0,0,0,0,0,0,0,0,0,0,0,0,0,0,0,0,0,0,0,0,0,0,0,0,0,0,0,0,0,0,0,0,0,0,0,0,0
DB 0,0,0,0,0,0,0,0,0,0,0,0,0,0,0,0,0,0,0,0,0,0,0,0,0,0,0,0,0,0,0,0,0,0,0,0,0,0,0,0,0,0,0,0,0,0,0,0,0,0
DB 0,0,0,0,0,0,0,0,0,0,0,0,0,0,0,0,0,0,0,0,0,0,0,0,0,0,0,0,0,0,0,0,0,0,0,0,0,0,0,0,0,0,0,0,0,54,0,0,54,54
DB 0,0,54,0,0,0,0,0,0,0,0,0,0,0,0,0,0,0,0,0,0,0,0,0,0,0,0,0,0,0,0,0,0,0,0,0,0,0,0,0,0,0,0,0,0,0,0,0,0,0
DB 0,0,0,0,0,0,0,0,0,0,0,0,0,0,0,0,0,0,0,0,0,0,0,0,0,0,0,0,0,0,0,0,0,0,0,0,0,0,0,0,0,0,0,0,0,0,0,0,0,0
DB 0,0,0,0,0,0,0,0,0,0,0,0,0,0,0,0,0,0,0,0,0,0,0,0,0,0,0,0,0,0,0,0,0,0,0,0,0,0,0,0,0,0,0,0,0,0,0,0,0,0
DB 0,0,0,0,0,0,0,0,0,0,0,0,0,0,0,0,0,0,0,0,0,0,0,0,0,0,0,0,0,0,0,0,0,0,0,0,0,0,0,0,0,0,0,0,0,54,0,0,54,54
DB 0,0,54,0,0,0,0,0,0,0,0,0,0,0,0,0,0,0,0,0,0,0,0,0,0,0,0,0,0,0,0,0,0,0,0,0,0,0,0,0,0,0,0,0,0,0,0,0,0,0
DB 0,0,0,0,0,0,0,0,0,0,0,0,0,0,0,0,0,0,0,0,0,0,0,0,0,0,0,0,0,0,0,0,0,0,0,0,0,0,0,0,0,0,0,0,0,0,0,0,0,0
DB 0,0,0,0,0,0,0,0,0,0,0,0,0,0,0,0,0,0,0,0,0,0,0,0,0,0,0,0,0,0,0,0,0,0,0,0,0,0,0,0,0,0,0,0,0,0,0,0,0,0
DB 0,0,0,0,0,0,0,0,0,0,0,0,0,0,0,0,0,0,0,0,0,0,0,0,0,0,0,0,0,0,0,0,0,0,0,0,0,0,0,0,0,0,0,0,0,54,0,0,54,54
DB 0,0,54,0,0,0,0,0,0,0,0,0,0,0,0,0,0,0,0,0,0,0,0,0,0,0,0,0,0,0,0,0,0,0,0,0,0,0,0,0,0,0,0,0,0,0,0,0,0,0
DB 0,0,0,0,0,0,0,0,0,0,0,0,0,0,0,0,0,0,0,0,0,0,0,0,0,0,0,0,0,0,0,0,0,0,0,0,0,0,0,0,0,0,0,0,0,0,0,0,0,0
DB 0,0,0,0,0,0,0,0,0,0,0,0,0,0,0,0,0,0,0,0,0,0,0,0,0,0,0,0,0,0,0,0,0,0,0,0,0,0,0,0,0,0,0,0,0,0,0,0,0,0
DB 0,0,0,0,0,0,0,0,0,0,0,0,0,0,0,0,0,0,0,0,0,0,0,0,0,0,0,0,0,0,0,0,0,0,0,0,0,0,0,0,0,0,0,0,0,54,0,0,54,54
DB 0,0,54,0,0,0,0,0,0,0,0,0,0,0,0,0,0,0,0,0,0,0,0,0,0,0,0,0,0,0,0,0,0,0,0,0,0,0,0,0,0,0,0,0,0,0,0,0,0,0
DB 0,0,0,0,0,0,0,0,0,0,0,0,0,0,0,0,0,0,0,0,0,0,0,0,0,0,0,0,0,0,0,0,0,0,0,0,0,0,0,0,0,0,0,0,0,0,0,0,0,0
DB 0,0,0,0,0,0,0,0,0,0,0,0,0,0,0,0,0,0,0,0,0,0,0,0,0,0,0,0,0,0,0,0,0,0,0,0,0,0,0,0,0,0,0,0,0,0,0,0,0,0
DB 0,0,0,0,0,0,0,0,0,0,0,0,0,0,0,0,0,0,0,0,0,0,0,0,0,0,0,0,0,0,0,0,0,0,0,0,0,0,0,0,0,0,0,0,0,54,0,0,54,54
DB 0,0,54,0,0,0,0,0,0,0,0,0,0,0,0,0,0,0,0,0,0,0,0,0,0,0,0,0,0,0,0,0,0,0,0,0,0,0,0,0,0,0,0,0,0,0,0,0,0,0
DB 0,0,0,0,0,0,0,0,0,0,0,0,0,0,0,0,0,0,0,0,0,0,0,0,0,0,0,0,0,0,0,0,0,0,0,0,0,0,0,0,0,0,0,0,0,0,0,0,0,0
DB 0,0,0,0,0,0,0,0,0,0,0,0,0,0,0,0,0,0,0,0,0,0,0,0,0,0,0,0,0,0,0,0,0,0,0,0,0,0,0,0,0,0,0,0,0,0,0,0,0,0
DB 0,0,0,0,0,0,0,0,0,0,0,0,0,0,0,0,0,0,0,0,0,0,0,0,0,0,0,0,0,0,0,0,0,0,0,0,0,0,0,0,0,0,0,0,0,54,0,0,54,54
DB 0,0,54,0,0,0,0,0,0,0,0,54,54,54,54,54,54,54,54,0,0,0,0,0,0,0,0,54,54,54,54,54,54,54,54,0,0,0,0,0,0,0,0,54,54,54,54,54,54,54
DB 54,0,0,0,0,0,0,0,0,54,54,54,54,54,54,54,54,0,0,0,0,0,0,0,0,54,54,54,54,54,54,54,54,0,0,0,0,0,0,0,0,54,54,54,54,54,54,54,54,54
DB 54,54,54,54,54,54,54,0,0,0,0,0,0,0,0,54,54,54,54,54,54,54,54,0,0,0,0,0,0,0,0,54,54,54,54,54,54,54,54,0,0,0,0,0,0,0,0,54,54,54
DB 54,54,54,54,54,0,0,0,0,0,0,0,0,54,54,54,54,54,54,54,54,0,0,0,0,0,0,0,0,54,54,54,54,54,54,54,54,0,0,0,0,0,0,0,0,54,0,0,54,54
DB 0,0,54,0,0,0,0,0,0,0,0,54,0,0,0,0,0,0,54,0,0,0,0,0,0,0,0,54,0,0,0,0,0,0,54,0,0,0,0,0,0,0,0,54,0,0,0,0,0,0
DB 54,0,0,0,0,0,0,0,0,54,0,0,0,0,0,0,54,0,0,0,0,0,0,0,0,54,0,0,0,0,0,0,54,0,0,0,0,0,0,0,0,54,0,0,0,0,0,0,54,54
DB 0,0,0,0,0,0,54,0,0,0,0,0,0,0,0,54,0,0,0,0,0,0,54,0,0,0,0,0,0,0,0,54,0,0,0,0,0,0,54,0,0,0,0,0,0,0,0,54,0,0
DB 0,0,0,0,54,0,0,0,0,0,0,0,0,54,0,0,0,0,0,0,54,0,0,0,0,0,0,0,0,54,0,0,0,0,0,0,54,0,0,0,0,0,0,0,0,54,0,0,54,54
DB 0,0,54,0,0,0,0,0,0,0,0,54,0,0,0,0,0,0,54,0,0,0,0,0,0,0,0,54,0,0,0,0,0,0,54,0,0,0,0,0,0,0,0,54,0,0,0,0,0,0
DB 54,0,0,0,0,0,0,0,0,54,0,0,0,0,0,0,54,0,0,0,0,0,0,0,0,54,0,0,0,0,0,0,54,0,0,0,0,0,0,0,0,54,0,0,0,0,0,0,54,54
DB 0,0,0,0,0,0,54,0,0,0,0,0,0,0,0,54,0,0,0,0,0,0,54,0,0,0,0,0,0,0,0,54,0,0,0,0,0,0,54,0,0,0,0,0,0,0,0,54,0,0
DB 0,0,0,0,54,0,0,0,0,0,0,0,0,54,0,0,0,0,0,0,54,0,0,0,0,0,0,0,0,54,0,0,0,0,0,0,54,0,0,0,0,0,0,0,0,54,0,0,54,54
DB 0,0,54,0,0,0,0,0,0,0,0,54,0,0,0,0,0,0,54,0,0,0,0,0,0,0,0,54,0,0,0,0,0,0,54,0,0,0,0,0,0,0,0,54,0,0,0,0,0,0
DB 54,0,0,0,0,0,0,0,0,54,0,0,0,0,0,0,54,0,0,0,0,0,0,0,0,54,0,0,0,0,0,0,54,0,0,0,0,0,0,0,0,54,0,0,0,0,0,0,54,54
DB 0,0,0,0,0,0,54,0,0,0,0,0,0,0,0,54,0,0,0,0,0,0,54,0,0,0,0,0,0,0,0,54,0,0,0,0,0,0,54,0,0,0,0,0,0,0,0,54,0,0
DB 0,0,0,0,54,0,0,0,0,0,0,0,0,54,0,0,0,0,0,0,54,0,0,0,0,0,0,0,0,54,0,0,0,0,0,0,54,0,0,0,0,0,0,0,0,54,0,0,54,54
DB 0,0,54,0,0,0,0,0,0,0,0,54,0,0,0,0,0,0,54,0,0,0,0,0,0,0,0,54,0,0,0,0,0,0,54,0,0,0,0,0,0,0,0,54,0,0,0,0,0,0
DB 54,0,0,0,0,0,0,0,0,54,0,0,0,0,0,0,54,0,0,0,0,0,0,0,0,54,0,0,0,0,0,0,54,0,0,0,0,0,0,0,0,54,0,0,0,0,0,0,54,54
DB 0,0,0,0,0,0,54,0,0,0,0,0,0,0,0,54,0,0,0,0,0,0,54,0,0,0,0,0,0,0,0,54,0,0,0,0,0,0,54,0,0,0,0,0,0,0,0,54,0,0
DB 0,0,0,0,54,0,0,0,0,0,0,0,0,54,0,0,0,0,0,0,54,0,0,0,0,0,0,0,0,54,0,0,0,0,0,0,54,0,0,0,0,0,0,0,0,54,0,0,54,54
DB 0,0,54,0,0,0,0,0,0,0,0,54,0,0,0,0,0,0,54,0,0,0,0,0,0,0,0,54,0,0,0,0,0,0,54,0,0,0,0,0,0,0,0,54,0,0,0,0,0,0
DB 54,0,0,0,0,0,0,0,0,54,0,0,0,0,0,0,54,0,0,0,0,0,0,0,0,54,0,0,0,0,0,0,54,0,0,0,0,0,0,0,0,54,0,0,0,0,0,0,54,54
DB 0,0,0,0,0,0,54,0,0,0,0,0,0,0,0,54,0,0,0,0,0,0,54,0,0,0,0,0,0,0,0,54,0,0,0,0,0,0,54,0,0,0,0,0,0,0,0,54,0,0
DB 0,0,0,0,54,0,0,0,0,0,0,0,0,54,0,0,0,0,0,0,54,0,0,0,0,0,0,0,0,54,0,0,0,0,0,0,54,0,0,0,0,0,0,0,0,54,0,0,54,54
DB 0,0,54,0,0,0,0,0,0,0,0,54,0,0,0,0,0,0,54,0,0,0,0,0,0,0,0,54,0,0,0,0,0,0,54,0,0,0,0,0,0,0,0,54,0,0,0,0,0,0
DB 54,0,0,0,0,0,0,0,0,54,0,0,0,0,0,0,54,0,0,0,0,0,0,0,0,54,0,0,0,0,0,0,54,0,0,0,0,0,0,0,0,54,0,0,0,0,0,0,54,54
DB 0,0,0,0,0,0,54,0,0,0,0,0,0,0,0,54,0,0,0,0,0,0,54,0,0,0,0,0,0,0,0,54,0,0,0,0,0,0,54,0,0,0,0,0,0,0,0,54,0,0
DB 0,0,0,0,54,0,0,0,0,0,0,0,0,54,0,0,0,0,0,0,54,0,0,0,0,0,0,0,0,54,0,0,0,0,0,0,54,0,0,0,0,0,0,0,0,54,0,0,54,54
DB 0,0,54,0,0,0,0,0,0,0,0,54,54,54,54,54,54,54,54,0,0,0,0,0,0,0,0,54,54,54,54,54,54,54,54,0,0,0,0,0,0,0,0,54,54,54,54,54,54,54
DB 54,0,0,0,0,0,0,0,0,54,54,54,54,54,54,54,54,0,0,0,0,0,0,0,0,54,54,54,54,54,54,54,54,0,0,0,0,0,0,0,0,54,54,54,54,54,54,54,54,54
DB 54,54,54,54,54,54,54,0,0,0,0,0,0,0,0,54,54,54,54,54,54,54,54,0,0,0,0,0,0,0,0,54,54,54,54,54,54,54,54,0,0,0,0,0,0,0,0,54,54,54
DB 54,54,54,54,54,0,0,0,0,0,0,0,0,54,54,54,54,54,54,54,54,0,0,0,0,0,0,0,0,54,54,54,54,54,54,54,54,0,0,0,0,0,0,0,0,54,0,0,54,54
DB 0,0,54,0,0,0,0,0,0,0,0,0,0,0,0,0,0,0,0,0,0,0,0,0,0,0,0,0,0,0,0,0,0,0,0,0,0,0,0,0,0,0,0,0,0,0,0,0,0,0
DB 0,0,0,0,0,0,0,0,0,0,0,0,0,0,0,0,0,0,0,0,0,0,0,0,0,0,0,0,0,0,0,0,0,0,0,0,0,0,0,0,0,0,0,0,0,0,0,0,0,0
DB 0,0,0,0,0,0,0,0,0,0,0,0,0,0,0,0,0,0,0,0,0,0,0,0,0,0,0,0,0,0,0,0,0,0,0,0,0,0,0,0,0,0,0,0,0,0,0,0,0,0
DB 0,0,0,0,0,0,0,0,0,0,0,0,0,0,0,0,0,0,0,0,0,0,0,0,0,0,0,0,0,0,0,0,0,0,0,0,0,0,0,0,0,0,0,0,0,54,0,0,54,54
DB 0,0,54,0,0,0,0,0,0,0,0,0,0,0,0,0,0,0,0,0,0,0,0,0,0,0,0,0,0,0,0,0,0,0,0,0,0,0,0,0,0,0,0,0,0,0,0,0,0,0
DB 0,0,0,0,0,0,0,0,0,0,0,0,0,0,0,0,0,0,0,0,0,0,0,0,0,0,0,0,0,0,0,0,0,0,0,0,0,0,0,0,0,0,0,0,0,0,0,0,0,0
DB 0,0,0,0,0,0,0,0,0,0,0,0,0,0,0,0,0,0,0,0,0,0,0,0,0,0,0,0,0,0,0,0,0,0,0,0,0,0,0,0,0,0,0,0,0,0,0,0,0,0
DB 0,0,0,0,0,0,0,0,0,0,0,0,0,0,0,0,0,0,0,0,0,0,0,0,0,0,0,0,0,0,0,0,0,0,0,0,0,0,0,0,0,0,0,0,0,54,0,0,54,54
DB 0,0,54,0,0,0,0,0,0,0,0,0,0,0,0,0,0,0,0,0,0,0,0,0,0,0,0,0,0,0,0,0,0,0,0,0,0,0,0,0,0,0,0,0,0,0,0,0,0,0
DB 0,0,0,0,0,0,0,0,0,0,0,0,0,0,0,0,0,0,0,0,0,0,0,0,0,0,0,0,0,0,0,0,0,0,0,0,0,0,0,0,0,0,0,0,0,0,0,0,0,0
DB 0,0,0,0,0,0,0,0,0,0,0,0,0,0,0,0,0,0,0,0,0,0,0,0,0,0,0,0,0,0,0,0,0,0,0,0,0,0,0,0,0,0,0,0,0,0,0,0,0,0
DB 0,0,0,0,0,0,0,0,0,0,0,0,0,0,0,0,0,0,0,0,0,0,0,0,0,0,0,0,0,0,0,0,0,0,0,0,0,0,0,0,0,0,0,0,0,54,0,0,54,54
DB 0,0,54,0,0,0,0,0,0,0,0,0,0,0,0,0,0,0,0,0,0,0,0,0,0,0,0,0,0,0,0,0,0,0,0,0,0,0,0,0,0,0,0,0,0,0,0,0,0,0
DB 0,0,0,0,0,0,0,0,0,0,0,0,0,0,0,0,0,0,0,0,0,0,0,0,0,0,0,0,0,0,0,0,0,0,0,0,0,0,0,0,0,0,0,0,0,0,0,0,0,0
DB 0,0,0,0,0,0,0,0,0,0,0,0,0,0,0,0,0,0,0,0,0,0,0,0,0,0,0,0,0,0,0,0,0,0,0,0,0,0,0,0,0,0,0,0,0,0,0,0,0,0
DB 0,0,0,0,0,0,0,0,0,0,0,0,0,0,0,0,0,0,0,0,0,0,0,0,0,0,0,0,0,0,0,0,0,0,0,0,0,0,0,0,0,0,0,0,0,54,0,0,54,54
DB 0,0,54,0,0,0,0,0,0,0,0,0,0,0,0,0,0,0,0,0,0,0,0,0,0,0,0,0,0,0,0,0,0,0,0,0,0,0,0,0,0,0,0,0,0,0,0,0,0,0
DB 0,0,0,0,0,0,0,0,0,0,0,0,0,0,0,0,0,0,0,0,0,0,0,0,0,0,0,0,0,0,0,0,0,0,0,0,0,0,0,0,0,0,0,0,0,0,0,0,0,0
DB 0,0,0,0,0,0,0,0,0,0,0,0,0,0,0,0,0,0,0,0,0,0,0,0,0,0,0,0,0,0,0,0,0,0,0,0,0,0,0,0,0,0,0,0,0,0,0,0,0,0
DB 0,0,0,0,0,0,0,0,0,0,0,0,0,0,0,0,0,0,0,0,0,0,0,0,0,0,0,0,0,0,0,0,0,0,0,0,0,0,0,0,0,0,0,0,0,54,0,0,54,54
DB 0,0,54,0,0,0,0,0,0,0,0,0,0,0,0,0,0,0,0,0,0,0,0,0,0,0,0,0,0,0,0,0,0,0,0,0,0,0,0,0,0,0,0,0,0,0,0,0,0,0
DB 0,0,0,0,0,0,0,0,0,0,0,0,0,0,0,0,0,0,0,0,0,0,0,0,0,0,0,0,0,0,0,0,0,0,0,0,0,0,0,0,0,0,0,0,0,0,0,0,0,0
DB 0,0,0,0,0,0,0,0,0,0,0,0,0,0,0,0,0,0,0,0,0,0,0,0,0,0,0,0,0,0,0,0,0,0,0,0,0,0,0,0,0,0,0,0,0,0,0,0,0,0
DB 0,0,0,0,0,0,0,0,0,0,0,0,0,0,0,0,0,0,0,0,0,0,0,0,0,0,0,0,0,0,0,0,0,0,0,0,0,0,0,0,0,0,0,0,0,54,0,0,54,54
DB 0,0,54,0,0,0,0,0,0,0,0,0,0,0,0,0,0,0,0,0,0,0,0,0,0,0,0,0,0,0,0,0,0,0,0,0,0,0,0,0,0,0,0,0,0,0,0,0,0,0
DB 0,0,0,0,0,0,0,0,0,0,0,0,0,0,0,0,0,0,0,0,0,0,0,0,0,0,0,0,0,0,0,0,0,0,0,0,0,0,0,0,0,0,0,0,0,0,0,0,0,0
DB 0,0,0,0,0,0,0,0,0,0,0,0,0,0,0,0,0,0,0,0,0,0,0,0,0,0,0,0,0,0,0,0,0,0,0,0,0,0,0,0,0,0,0,0,0,0,0,0,0,0
DB 0,0,0,0,0,0,0,0,0,0,0,0,0,0,0,0,0,0,0,0,0,0,0,0,0,0,0,0,0,0,0,0,0,0,0,0,0,0,0,0,0,0,0,0,0,54,0,0,54,54
DB 0,0,54,0,0,0,0,0,0,0,0,0,0,0,0,0,0,0,0,0,0,0,0,0,0,0,0,0,0,0,0,0,0,0,0,0,0,0,0,0,0,0,0,0,0,0,0,0,0,0
DB 0,0,0,0,0,0,0,0,0,0,0,0,0,0,0,0,0,0,0,0,0,0,0,0,0,0,0,0,0,0,0,0,0,0,0,0,0,0,0,0,0,0,0,0,0,0,0,0,0,0
DB 0,0,0,0,0,0,0,0,0,0,0,0,0,0,0,0,0,0,0,0,0,0,0,0,0,0,0,0,0,0,0,0,0,0,0,0,0,0,0,0,0,0,0,0,0,0,0,0,0,0
DB 0,0,0,0,0,0,0,0,0,0,0,0,0,0,0,0,0,0,0,0,0,0,0,0,0,0,0,0,0,0,0,0,0,0,0,0,0,0,0,0,0,0,0,0,0,54,0,0,54,54
DB 0,0,54,0,0,0,0,0,0,0,0,54,54,54,54,54,54,54,54,0,0,0,0,0,0,0,0,54,54,54,54,54,54,54,54,0,0,0,0,0,0,0,0,54,54,54,54,54,54,54
DB 54,0,0,0,0,0,0,0,0,54,54,54,54,54,54,54,54,0,0,0,0,0,0,0,0,54,54,54,54,54,54,54,54,0,0,0,0,0,0,0,0,54,54,54,54,54,54,54,54,54
DB 54,54,54,54,54,54,54,0,0,0,0,0,0,0,0,54,54,54,54,54,54,54,54,0,0,0,0,0,0,0,0,54,54,54,54,54,54,54,54,0,0,0,0,0,0,0,0,54,54,54
DB 54,54,54,54,54,0,0,0,0,0,0,0,0,54,54,54,54,54,54,54,54,0,0,0,0,0,0,0,0,54,54,54,54,54,54,54,54,0,0,0,0,0,0,0,0,54,0,0,54,54
DB 0,0,54,0,0,0,0,0,0,0,0,54,0,0,0,0,0,0,54,0,0,0,0,0,0,0,0,54,0,0,0,0,0,0,54,0,0,0,0,0,0,0,0,54,0,0,0,0,0,0
DB 54,0,0,0,0,0,0,0,0,54,0,0,0,0,0,0,54,0,0,0,0,0,0,0,0,54,0,0,0,0,0,0,54,0,0,0,0,0,0,0,0,54,0,0,0,0,0,0,54,54
DB 0,0,0,0,0,0,54,0,0,0,0,0,0,0,0,54,0,0,0,0,0,0,54,0,0,0,0,0,0,0,0,54,0,0,0,0,0,0,54,0,0,0,0,0,0,0,0,54,0,0
DB 0,0,0,0,54,0,0,0,0,0,0,0,0,54,0,0,0,0,0,0,54,0,0,0,0,0,0,0,0,54,0,0,0,0,0,0,54,0,0,0,0,0,0,0,0,54,0,0,54,54
DB 0,0,54,0,0,0,0,0,0,0,0,54,0,0,0,0,0,0,54,0,0,0,0,0,0,0,0,54,0,0,0,0,0,0,54,0,0,0,0,0,0,0,0,54,0,0,0,0,0,0
DB 54,0,0,0,0,0,0,0,0,54,0,0,0,0,0,0,54,0,0,0,0,0,0,0,0,54,0,0,0,0,0,0,54,0,0,0,0,0,0,0,0,54,0,0,0,0,0,0,54,54
DB 0,0,0,0,0,0,54,0,0,0,0,0,0,0,0,54,0,0,0,0,0,0,54,0,0,0,0,0,0,0,0,54,0,0,0,0,0,0,54,0,0,0,0,0,0,0,0,54,0,0
DB 0,0,0,0,54,0,0,0,0,0,0,0,0,54,0,0,0,0,0,0,54,0,0,0,0,0,0,0,0,54,0,0,0,0,0,0,54,0,0,0,0,0,0,0,0,54,0,0,54,54
DB 0,0,54,0,0,0,0,0,0,0,0,54,0,0,0,0,0,0,54,0,0,0,0,0,0,0,0,54,0,0,0,0,0,0,54,0,0,0,0,0,0,0,0,54,0,0,0,0,0,0
DB 54,0,0,0,0,0,0,0,0,54,0,0,0,0,0,0,54,0,0,0,0,0,0,0,0,54,0,0,0,0,0,0,54,0,0,0,0,0,0,0,0,54,0,0,0,0,0,0,54,54
DB 0,0,0,0,0,0,54,0,0,0,0,0,0,0,0,54,0,0,0,0,0,0,54,0,0,0,0,0,0,0,0,54,0,0,0,0,0,0,54,0,0,0,0,0,0,0,0,54,0,0
DB 0,0,0,0,54,0,0,0,0,0,0,0,0,54,0,0,0,0,0,0,54,0,0,0,0,0,0,0,0,54,0,0,0,0,0,0,54,0,0,0,0,0,0,0,0,54,0,0,54,54
DB 0,0,54,0,0,0,0,0,0,0,0,54,0,0,0,0,0,0,54,0,0,0,0,0,0,0,0,54,0,0,0,0,0,0,54,0,0,0,0,0,0,0,0,54,0,0,0,0,0,0
DB 54,0,0,0,0,0,0,0,0,54,0,0,0,0,0,0,54,0,0,0,0,0,0,0,0,54,0,0,0,0,0,0,54,0,0,0,0,0,0,0,0,54,0,0,0,0,0,0,54,54
DB 0,0,0,0,0,0,54,0,0,0,0,0,0,0,0,54,0,0,0,0,0,0,54,0,0,0,0,0,0,0,0,54,0,0,0,0,0,0,54,0,0,0,0,0,0,0,0,54,0,0
DB 0,0,0,0,54,0,0,0,0,0,0,0,0,54,0,0,0,0,0,0,54,0,0,0,0,0,0,0,0,54,0,0,0,0,0,0,54,0,0,0,0,0,0,0,0,54,0,0,54,54
DB 0,0,54,0,0,0,0,0,0,0,0,54,0,0,0,0,0,0,54,0,0,0,0,0,0,0,0,54,0,0,0,0,0,0,54,0,0,0,0,0,0,0,0,54,0,0,0,0,0,0
DB 54,0,0,0,0,0,0,0,0,54,0,0,0,0,0,0,54,0,0,0,0,0,0,0,0,54,0,0,0,0,0,0,54,0,0,0,0,0,0,0,0,54,0,0,0,0,0,0,54,54
DB 0,0,0,0,0,0,54,0,0,0,0,0,0,0,0,54,0,0,0,0,0,0,54,0,0,0,0,0,0,0,0,54,0,0,0,0,0,0,54,0,0,0,0,0,0,0,0,54,0,0
DB 0,0,0,0,54,0,0,0,0,0,0,0,0,54,0,0,0,0,0,0,54,0,0,0,0,0,0,0,0,54,0,0,0,0,0,0,54,0,0,0,0,0,0,0,0,54,0,0,54,54
DB 0,0,54,0,0,0,0,0,0,0,0,54,0,0,0,0,0,0,54,0,0,0,0,0,0,0,0,54,0,0,0,0,0,0,54,0,0,0,0,0,0,0,0,54,0,0,0,0,0,0
DB 54,0,0,0,0,0,0,0,0,54,0,0,0,0,0,0,54,0,0,0,0,0,0,0,0,54,0,0,0,0,0,0,54,0,0,0,0,0,0,0,0,54,0,0,0,0,0,0,54,54
DB 0,0,0,0,0,0,54,0,0,0,0,0,0,0,0,54,0,0,0,0,0,0,54,0,0,0,0,0,0,0,0,54,0,0,0,0,0,0,54,0,0,0,0,0,0,0,0,54,0,0
DB 0,0,0,0,54,0,0,0,0,0,0,0,0,54,0,0,0,0,0,0,54,0,0,0,0,0,0,0,0,54,0,0,0,0,0,0,54,0,0,0,0,0,0,0,0,54,0,0,54,54
DB 0,0,54,0,0,0,0,0,0,0,0,54,54,54,54,54,54,54,54,0,0,0,0,0,0,0,0,54,54,54,54,54,54,54,54,0,0,0,0,0,0,0,0,54,54,54,54,54,54,54
DB 54,0,0,0,0,0,0,0,0,54,54,54,54,54,54,54,54,0,0,0,0,0,0,0,0,54,54,54,54,54,54,54,54,0,0,0,0,0,0,0,0,54,54,54,54,54,54,54,54,54
DB 54,54,54,54,54,54,54,0,0,0,0,0,0,0,0,54,54,54,54,54,54,54,54,0,0,0,0,0,0,0,0,54,54,54,54,54,54,54,54,0,0,0,0,0,0,0,0,54,54,54
DB 54,54,54,54,54,0,0,0,0,0,0,0,0,54,54,54,54,54,54,54,54,0,0,0,0,0,0,0,0,54,54,54,54,54,54,54,54,0,0,0,0,0,0,0,0,54,0,0,54,54
DB 0,0,54,0,0,0,0,0,0,0,0,0,0,0,0,0,0,0,0,0,0,0,0,0,0,0,0,0,0,0,0,0,0,0,0,0,0,0,0,0,0,0,0,0,0,0,0,0,0,0
DB 0,0,0,0,0,0,0,0,0,0,0,0,0,0,0,0,0,0,0,0,0,0,0,0,0,0,0,0,0,0,0,0,0,0,0,0,0,0,0,0,0,0,0,0,0,0,0,0,0,0
DB 0,0,0,0,0,0,0,0,0,0,0,0,0,0,0,0,0,0,0,0,0,0,0,0,0,0,0,0,0,0,0,0,0,0,0,0,0,0,0,0,0,0,0,0,0,0,0,0,0,0
DB 0,0,0,0,0,0,0,0,0,0,0,0,0,0,0,0,0,0,0,0,0,0,0,0,0,0,0,0,0,0,0,0,0,0,0,0,0,0,0,0,0,0,0,0,0,54,0,0,54,54
DB 0,0,54,0,0,0,0,0,0,0,0,0,0,0,0,0,0,0,0,0,0,0,0,0,0,0,0,0,0,0,0,0,0,0,0,0,0,0,0,0,0,0,0,0,0,0,0,0,0,0
DB 0,0,0,0,0,0,0,0,0,0,0,0,0,0,0,0,0,0,0,0,0,0,0,0,0,0,0,0,0,0,0,0,0,0,0,0,0,0,0,0,0,0,0,0,0,0,0,0,0,0
DB 0,0,0,0,0,0,0,0,0,0,0,0,0,0,0,0,0,0,0,0,0,0,0,0,0,0,0,0,0,0,0,0,0,0,0,0,0,0,0,0,0,0,0,0,0,0,0,0,0,0
DB 0,0,0,0,0,0,0,0,0,0,0,0,0,0,0,0,0,0,0,0,0,0,0,0,0,0,0,0,0,0,0,0,0,0,0,0,0,0,0,0,0,0,0,0,0,54,0,0,54,54
DB 0,0,54,0,0,0,0,0,0,0,0,0,0,0,0,0,0,0,0,0,0,0,0,0,0,0,0,0,0,0,0,0,0,0,0,0,0,0,0,0,0,0,0,0,0,0,0,0,0,0
DB 0,0,0,0,0,0,0,0,0,0,0,0,0,0,0,0,0,0,0,0,0,0,0,0,0,0,0,0,0,0,0,0,0,0,0,0,0,0,0,0,0,0,0,0,0,0,0,0,0,0
DB 0,0,0,0,0,0,0,0,0,0,0,0,0,0,0,0,0,0,0,0,0,0,0,0,0,0,0,0,0,0,0,0,0,0,0,0,0,0,0,0,0,0,0,0,0,0,0,0,0,0
DB 0,0,0,0,0,0,0,0,0,0,0,0,0,0,0,0,0,0,0,0,0,0,0,0,0,0,0,0,0,0,0,0,0,0,0,0,0,0,0,0,0,0,0,0,0,54,0,0,54,54
DB 0,0,54,0,0,0,0,0,0,0,0,0,0,0,0,0,0,0,0,0,0,0,0,0,0,0,0,0,0,0,0,0,0,0,0,0,0,0,0,0,0,0,0,0,0,0,0,0,0,0
DB 0,0,0,0,0,0,0,0,0,0,0,0,0,0,0,0,0,0,0,0,0,0,0,0,0,0,0,0,0,0,0,0,0,0,0,0,0,0,0,0,0,0,0,0,0,0,0,0,0,0
DB 0,0,0,0,0,0,0,0,0,0,0,0,0,0,0,0,0,0,0,0,0,0,0,0,0,0,0,0,0,0,0,0,0,0,0,0,0,0,0,0,0,0,0,0,0,0,0,0,0,0
DB 0,0,0,0,0,0,0,0,0,0,0,0,0,0,0,0,0,0,0,0,0,0,0,0,0,0,0,0,0,0,0,0,0,0,0,0,0,0,0,0,0,0,0,0,0,54,0,0,54,54
DB 0,0,54,0,0,0,0,0,0,0,0,0,0,0,0,0,0,0,0,0,0,0,0,0,0,0,0,0,0,0,0,0,0,0,0,0,0,0,0,0,0,0,0,0,0,0,0,0,0,0
DB 0,0,0,0,0,0,0,0,0,0,0,0,0,0,0,0,0,0,0,0,0,0,0,0,0,0,0,0,0,0,0,0,0,0,0,0,0,0,0,0,0,0,0,0,0,0,0,0,0,0
DB 0,0,0,0,0,0,0,0,0,0,0,0,0,0,0,0,0,0,0,0,0,0,0,0,0,0,0,0,0,0,0,0,0,0,0,0,0,0,0,0,0,0,0,0,0,0,0,0,0,0
DB 0,0,0,0,0,0,0,0,0,0,0,0,0,0,0,0,0,0,0,0,0,0,0,0,0,0,0,0,0,0,0,0,0,0,0,0,0,0,0,0,0,0,0,0,0,54,0,0,54,54
DB 0,0,54,0,0,0,0,0,0,0,0,0,0,0,0,0,0,0,0,0,0,0,0,0,0,0,0,0,0,0,0,0,0,0,0,0,0,0,0,0,0,0,0,0,0,0,0,0,0,0
DB 0,0,0,0,0,0,0,0,0,0,0,0,0,0,0,0,0,0,0,0,0,0,0,0,0,0,0,0,0,0,0,0,0,0,0,0,0,0,0,0,0,0,0,0,0,0,0,0,0,0
DB 0,0,0,0,0,0,0,0,0,0,0,0,0,0,0,0,0,0,0,0,0,0,0,0,0,0,0,0,0,0,0,0,0,0,0,0,0,0,0,0,0,0,0,0,0,0,0,0,0,0
DB 0,0,0,0,0,0,0,0,0,0,0,0,0,0,0,0,0,0,0,0,0,0,0,0,0,0,0,0,0,0,0,0,0,0,0,0,0,0,0,0,0,0,0,0,0,54,0,0,54,54
DB 0,0,54,0,0,0,0,0,0,0,0,0,0,0,0,0,0,0,0,0,0,0,0,0,0,0,0,0,0,0,0,0,0,0,0,0,0,0,0,0,0,0,0,0,0,0,0,0,0,0
DB 0,0,0,0,0,0,0,0,0,0,0,0,0,0,0,0,0,0,0,0,0,0,0,0,0,0,0,0,0,0,0,0,0,0,0,0,0,0,0,0,0,0,0,0,0,0,0,0,0,0
DB 0,0,0,0,0,0,0,0,0,0,0,0,0,0,0,0,0,0,0,0,0,0,0,0,0,0,0,0,0,0,0,0,0,0,0,0,0,0,0,0,0,0,0,0,0,0,0,0,0,0
DB 0,0,0,0,0,0,0,0,0,0,0,0,0,0,0,0,0,0,0,0,0,0,0,0,0,0,0,0,0,0,0,0,0,0,0,0,0,0,0,0,0,0,0,0,0,54,0,0,54,54
DB 0,0,54,0,0,0,0,0,0,0,0,0,0,0,0,0,0,0,0,0,0,0,0,0,0,0,0,0,0,0,0,0,0,0,0,0,0,0,0,0,0,0,0,0,0,0,0,0,0,0
DB 0,0,0,0,0,0,0,0,0,0,0,0,0,0,0,0,0,0,0,0,0,0,0,0,0,0,0,0,0,0,0,0,0,0,0,0,0,0,0,0,0,0,0,0,0,0,0,0,0,0
DB 0,0,0,0,0,0,0,0,0,0,0,0,0,0,0,0,0,0,0,0,0,0,0,0,0,0,0,0,0,0,0,0,0,0,0,0,0,0,0,0,0,0,0,0,0,0,0,0,0,0
DB 0,0,0,0,0,0,0,0,0,0,0,0,0,0,0,0,0,0,0,0,0,0,0,0,0,0,0,0,0,0,0,0,0,0,0,0,0,0,0,0,0,0,0,0,0,54,0,0,54,54
DB 0,0,54,0,0,0,0,0,0,0,0,54,54,54,54,54,54,54,54,0,0,0,0,0,0,0,0,54,54,54,54,54,54,54,54,0,0,0,0,0,0,0,0,54,54,54,54,54,54,54
DB 54,0,0,0,0,0,0,0,0,54,54,54,54,54,54,54,54,0,0,0,0,0,0,0,0,54,54,54,54,54,54,54,54,0,0,0,0,0,0,0,0,54,54,54,54,54,54,54,54,54
DB 54,54,54,54,54,54,54,0,0,0,0,0,0,0,0,54,54,54,54,54,54,54,54,0,0,0,0,0,0,0,0,54,54,54,54,54,54,54,54,0,0,0,0,0,0,0,0,54,54,54
DB 54,54,54,54,54,0,0,0,0,0,0,0,0,54,54,54,54,54,54,54,54,0,0,0,0,0,0,0,0,54,54,54,54,54,54,54,54,0,0,0,0,0,0,0,0,54,0,0,54,54
DB 0,0,54,0,0,0,0,0,0,0,0,54,0,0,0,0,0,0,54,0,0,0,0,0,0,0,0,54,0,0,0,0,0,0,54,0,0,0,0,0,0,0,0,54,0,0,0,0,0,0
DB 54,0,0,0,0,0,0,0,0,54,0,0,0,0,0,0,54,0,0,0,0,0,0,0,0,54,0,0,0,0,0,0,54,0,0,0,0,0,0,0,0,54,0,0,0,0,0,0,54,54
DB 0,0,0,0,0,0,54,0,0,0,0,0,0,0,0,54,0,0,0,0,0,0,54,0,0,0,0,0,0,0,0,54,0,0,0,0,0,0,54,0,0,0,0,0,0,0,0,54,0,0
DB 0,0,0,0,54,0,0,0,0,0,0,0,0,54,0,0,0,0,0,0,54,0,0,0,0,0,0,0,0,54,0,0,0,0,0,0,54,0,0,0,0,0,0,0,0,54,0,0,54,54
DB 0,0,54,0,0,0,0,0,0,0,0,54,0,0,0,0,0,0,54,0,0,0,0,0,0,0,0,54,0,0,0,0,0,0,54,0,0,0,0,0,0,0,0,54,0,0,0,0,0,0
DB 54,0,0,0,0,0,0,0,0,54,0,0,0,0,0,0,54,0,0,0,0,0,0,0,0,54,0,0,0,0,0,0,54,0,0,0,0,0,0,0,0,54,0,0,0,0,0,0,54,54
DB 0,0,0,0,0,0,54,0,0,0,0,0,0,0,0,54,0,0,0,0,0,0,54,0,0,0,0,0,0,0,0,54,0,0,0,0,0,0,54,0,0,0,0,0,0,0,0,54,0,0
DB 0,0,0,0,54,0,0,0,0,0,0,0,0,54,0,0,0,0,0,0,54,0,0,0,0,0,0,0,0,54,0,0,0,0,0,0,54,0,0,0,0,0,0,0,0,54,0,0,54,54
DB 0,0,54,0,0,0,0,0,0,0,0,54,0,0,0,0,0,0,54,0,0,0,0,0,0,0,0,54,0,0,0,0,0,0,54,0,0,0,0,0,0,0,0,54,0,0,0,0,0,0
DB 54,0,0,0,0,0,0,0,0,54,0,0,0,0,0,0,54,0,0,0,0,0,0,0,0,54,0,0,0,0,0,0,54,0,0,0,0,0,0,0,0,54,0,0,0,0,0,0,54,54
DB 0,0,0,0,0,0,54,0,0,0,0,0,0,0,0,54,0,0,0,0,0,0,54,0,0,0,0,0,0,0,0,54,0,0,0,0,0,0,54,0,0,0,0,0,0,0,0,54,0,0
DB 0,0,0,0,54,0,0,0,0,0,0,0,0,54,0,0,0,0,0,0,54,0,0,0,0,0,0,0,0,54,0,0,0,0,0,0,54,0,0,0,0,0,0,0,0,54,0,0,54,54
DB 0,0,54,0,0,0,0,0,0,0,0,54,0,0,0,0,0,0,54,0,0,0,0,0,0,0,0,54,0,0,0,0,0,0,54,0,0,0,0,0,0,0,0,54,0,0,0,0,0,0
DB 54,0,0,0,0,0,0,0,0,54,0,0,0,0,0,0,54,0,0,0,0,0,0,0,0,54,0,0,0,0,0,0,54,0,0,0,0,0,0,0,0,54,0,0,0,0,0,0,54,54
DB 0,0,0,0,0,0,54,0,0,0,0,0,0,0,0,54,0,0,0,0,0,0,54,0,0,0,0,0,0,0,0,54,0,0,0,0,0,0,54,0,0,0,0,0,0,0,0,54,0,0
DB 0,0,0,0,54,0,0,0,0,0,0,0,0,54,0,0,0,0,0,0,54,0,0,0,0,0,0,0,0,54,0,0,0,0,0,0,54,0,0,0,0,0,0,0,0,54,0,0,54,54
DB 0,0,54,0,0,0,0,0,0,0,0,54,0,0,0,0,0,0,54,0,0,0,0,0,0,0,0,54,0,0,0,0,0,0,54,0,0,0,0,0,0,0,0,54,0,0,0,0,0,0
DB 54,0,0,0,0,0,0,0,0,54,0,0,0,0,0,0,54,0,0,0,0,0,0,0,0,54,0,0,0,0,0,0,54,0,0,0,0,0,0,0,0,54,0,0,0,0,0,0,54,54
DB 0,0,0,0,0,0,54,0,0,0,0,0,0,0,0,54,0,0,0,0,0,0,54,0,0,0,0,0,0,0,0,54,0,0,0,0,0,0,54,0,0,0,0,0,0,0,0,54,0,0
DB 0,0,0,0,54,0,0,0,0,0,0,0,0,54,0,0,0,0,0,0,54,0,0,0,0,0,0,0,0,54,0,0,0,0,0,0,54,0,0,0,0,0,0,0,0,54,0,0,54,54
DB 0,0,54,0,0,0,0,0,0,0,0,54,0,0,0,0,0,0,54,0,0,0,0,0,0,0,0,54,0,0,0,0,0,0,54,0,0,0,0,0,0,0,0,54,0,0,0,0,0,0
DB 54,0,0,0,0,0,0,0,0,54,0,0,0,0,0,0,54,0,0,0,0,0,0,0,0,54,0,0,0,0,0,0,54,0,0,0,0,0,0,0,0,54,0,0,0,0,0,0,54,54
DB 0,0,0,0,0,0,54,0,0,0,0,0,0,0,0,54,0,0,0,0,0,0,54,0,0,0,0,0,0,0,0,54,0,0,0,0,0,0,54,0,0,0,0,0,0,0,0,54,0,0
DB 0,0,0,0,54,0,0,0,0,0,0,0,0,54,0,0,0,0,0,0,54,0,0,0,0,0,0,0,0,54,0,0,0,0,0,0,54,0,0,0,0,0,0,0,0,54,0,0,54,54
DB 0,0,54,0,0,0,0,0,0,0,0,54,54,54,54,54,54,54,54,0,0,0,0,0,0,0,0,54,54,54,54,54,54,54,54,0,0,0,0,0,0,0,0,54,54,54,54,54,54,54
DB 54,0,0,0,0,0,0,0,0,54,54,54,54,54,54,54,54,0,0,0,0,0,0,0,0,54,54,54,54,54,54,54,54,0,0,0,0,0,0,0,0,54,54,54,54,54,54,54,54,54
DB 54,54,54,54,54,54,54,0,0,0,0,0,0,0,0,54,54,54,54,54,54,54,54,0,0,0,0,0,0,0,0,54,54,54,54,54,54,54,54,0,0,0,0,0,0,0,0,54,54,54
DB 54,54,54,54,54,0,0,0,0,0,0,0,0,54,54,54,54,54,54,54,54,0,0,0,0,0,0,0,0,54,54,54,54,54,54,54,54,0,0,0,0,0,0,0,0,54,0,0,54,54
DB 0,0,54,0,0,0,0,0,0,0,0,0,0,0,0,0,0,0,0,0,0,0,0,0,0,0,0,0,0,0,0,0,0,0,0,0,0,0,0,0,0,0,0,0,0,0,0,0,0,0
DB 0,0,0,0,0,0,0,0,0,0,0,0,0,0,0,0,0,0,0,0,0,0,0,0,0,0,0,0,0,0,0,0,0,0,0,0,0,0,0,0,0,0,0,0,0,0,0,0,0,0
DB 0,0,0,0,0,0,0,0,0,0,0,0,0,0,0,0,0,0,0,0,0,0,0,0,0,0,0,0,0,0,0,0,0,0,0,0,0,0,0,0,0,0,0,0,0,0,0,0,0,0
DB 0,0,0,0,0,0,0,0,0,0,0,0,0,0,0,0,0,0,0,0,0,0,0,0,0,0,0,0,0,0,0,0,0,0,0,0,0,0,0,0,0,0,0,0,0,54,0,0,54,54
DB 0,0,54,0,0,0,0,0,0,0,0,0,0,0,0,0,0,0,0,0,0,0,0,0,0,0,0,0,0,0,0,0,0,0,0,0,0,0,0,0,0,0,0,0,0,0,0,0,0,0
DB 0,0,0,0,0,0,0,0,0,0,0,0,0,0,0,0,0,0,0,0,0,0,0,0,0,0,0,0,0,0,0,0,0,0,0,0,0,0,0,0,0,0,0,0,0,0,0,0,0,0
DB 0,0,0,0,0,0,0,0,0,0,0,0,0,0,0,0,0,0,0,0,0,0,0,0,0,0,0,0,0,0,0,0,0,0,0,0,0,0,0,0,0,0,0,0,0,0,0,0,0,0
DB 0,0,0,0,0,0,0,0,0,0,0,0,0,0,0,0,0,0,0,0,0,0,0,0,0,0,0,0,0,0,0,0,0,0,0,0,0,0,0,0,0,0,0,0,0,54,0,0,54,54
DB 0,0,54,0,0,0,0,0,0,0,0,0,0,0,0,0,0,0,0,0,0,0,0,0,0,0,0,0,0,0,0,0,0,0,0,0,0,0,0,0,0,0,0,0,0,0,0,0,0,0
DB 0,0,0,0,0,0,0,0,0,0,0,0,0,0,0,0,0,0,0,0,0,0,0,0,0,0,0,0,0,0,0,0,0,0,0,0,0,0,0,0,0,0,0,0,0,0,0,0,0,0
DB 0,0,0,0,0,0,0,0,0,0,0,0,0,0,0,0,0,0,0,0,0,0,0,0,0,0,0,0,0,0,0,0,0,0,0,0,0,0,0,0,0,0,0,0,0,0,0,0,0,0
DB 0,0,0,0,0,0,0,0,0,0,0,0,0,0,0,0,0,0,0,0,0,0,0,0,0,0,0,0,0,0,0,0,0,0,0,0,0,0,0,0,0,0,0,0,0,54,0,0,54,54
DB 0,0,54,0,0,0,0,0,0,0,0,0,0,0,0,0,0,0,0,0,0,0,0,0,0,0,0,0,0,0,0,0,0,0,0,0,0,0,0,0,0,0,0,0,0,0,0,0,0,0
DB 0,0,0,0,0,0,0,0,0,0,0,0,0,0,0,0,0,0,0,0,0,0,0,0,0,0,0,0,0,0,0,0,0,0,0,0,0,0,0,0,0,0,0,0,0,0,0,0,0,0
DB 0,0,0,0,0,0,0,0,0,0,0,0,0,0,0,0,0,0,0,0,0,0,0,0,0,0,0,0,0,0,0,0,0,0,0,0,0,0,0,0,0,0,0,0,0,0,0,0,0,0
DB 0,0,0,0,0,0,0,0,0,0,0,0,0,0,0,0,0,0,0,0,0,0,0,0,0,0,0,0,0,0,0,0,0,0,0,0,0,0,0,0,0,0,0,0,0,54,0,0,54,54
DB 0,0,54,0,0,0,0,0,0,0,0,0,0,0,0,0,0,0,0,0,0,0,0,0,0,0,0,0,0,0,0,0,0,0,0,0,0,0,0,0,0,0,0,0,0,0,0,0,0,0
DB 0,0,0,0,0,0,0,0,0,0,0,0,0,0,0,0,0,0,0,0,0,0,0,0,0,0,0,0,0,0,0,0,0,0,0,0,0,0,0,0,0,0,0,0,0,0,0,0,0,0
DB 0,0,0,0,0,0,0,0,0,0,0,0,0,0,0,0,0,0,0,0,0,0,0,0,0,0,0,0,0,0,0,0,0,0,0,0,0,0,0,0,0,0,0,0,0,0,0,0,0,0
DB 0,0,0,0,0,0,0,0,0,0,0,0,0,0,0,0,0,0,0,0,0,0,0,0,0,0,0,0,0,0,0,0,0,0,0,0,0,0,0,0,0,0,0,0,0,54,0,0,54,54
DB 0,0,54,0,0,0,0,0,0,0,0,0,0,0,0,0,0,0,0,0,0,0,0,0,0,0,0,0,0,0,0,0,0,0,0,0,0,0,0,0,0,0,0,0,0,0,0,0,0,0
DB 0,0,0,0,0,0,0,0,0,0,0,0,0,0,0,0,0,0,0,0,0,0,0,0,0,0,0,0,0,0,0,0,0,0,0,0,0,0,0,0,0,0,0,0,0,0,0,0,0,0
DB 0,0,0,0,0,0,0,0,0,0,0,0,0,0,0,0,0,0,0,0,0,0,0,0,0,0,0,0,0,0,0,0,0,0,0,0,0,0,0,0,0,0,0,0,0,0,0,0,0,0
DB 0,0,0,0,0,0,0,0,0,0,0,0,0,0,0,0,0,0,0,0,0,0,0,0,0,0,0,0,0,0,0,0,0,0,0,0,0,0,0,0,0,0,0,0,0,54,0,0,54,54
DB 0,0,54,0,0,0,0,0,0,0,0,0,0,0,0,0,0,0,0,0,0,0,0,0,0,0,0,0,0,0,0,0,0,0,0,0,0,0,0,0,0,0,0,0,0,0,0,0,0,0
DB 0,0,0,0,0,0,0,0,0,0,0,0,0,0,0,0,0,0,0,0,0,0,0,0,0,0,0,0,0,0,0,0,0,0,0,0,0,0,0,0,0,0,0,0,0,0,0,0,0,0
DB 0,0,0,0,0,0,0,0,0,0,0,0,0,0,0,0,0,0,0,0,0,0,0,0,0,0,0,0,0,0,0,0,0,0,0,0,0,0,0,0,0,0,0,0,0,0,0,0,0,0
DB 0,0,0,0,0,0,0,0,0,0,0,0,0,0,0,0,0,0,0,0,0,0,0,0,0,0,0,0,0,0,0,0,0,0,0,0,0,0,0,0,0,0,0,0,0,54,0,0,54,54
DB 0,0,54,0,0,0,0,0,0,0,0,0,0,0,0,0,0,0,0,0,0,0,0,0,0,0,0,0,0,0,0,0,0,0,0,0,0,0,0,0,0,0,0,0,0,0,0,0,0,0
DB 0,0,0,0,0,0,0,0,0,0,0,0,0,0,0,0,0,0,0,0,0,0,0,0,0,0,0,0,0,0,0,0,0,0,0,0,0,0,0,0,0,0,0,0,0,0,0,0,0,0
DB 0,0,0,0,0,0,0,0,0,0,0,0,0,0,0,0,0,0,0,0,0,0,0,0,0,0,0,0,0,0,0,0,0,0,0,0,0,0,0,0,0,0,0,0,0,0,0,0,0,0
DB 0,0,0,0,0,0,0,0,0,0,0,0,0,0,0,0,0,0,0,0,0,0,0,0,0,0,0,0,0,0,0,0,0,0,0,0,0,0,0,0,0,0,0,0,0,54,0,0,54,54
DB 0,0,54,0,0,0,0,0,0,0,0,54,54,54,54,54,54,54,54,0,0,0,0,0,0,0,0,54,54,54,54,54,54,54,54,0,0,0,0,0,0,0,0,54,54,54,54,54,54,54
DB 54,0,0,0,0,0,0,0,0,54,54,54,54,54,54,54,54,0,0,0,0,0,0,0,0,54,54,54,54,54,54,54,54,0,0,0,0,0,0,0,0,54,54,54,54,54,54,54,54,54
DB 54,54,54,54,54,54,54,0,0,0,0,0,0,0,0,54,54,54,54,54,54,54,54,0,0,0,0,0,0,0,0,54,54,54,54,54,54,54,54,0,0,0,0,0,0,0,0,54,54,54
DB 54,54,54,54,54,0,0,0,0,0,0,0,0,54,54,54,54,54,54,54,54,0,0,0,0,0,0,0,0,54,54,54,54,54,54,54,54,0,0,0,0,0,0,0,0,54,0,0,54,54
DB 0,0,54,0,0,0,0,0,0,0,0,54,0,0,0,0,0,0,54,0,0,0,0,0,0,0,0,54,0,0,0,0,0,0,54,0,0,0,0,0,0,0,0,54,0,0,0,0,0,0
DB 54,0,0,0,0,0,0,0,0,54,0,0,0,0,0,0,54,0,0,0,0,0,0,0,0,54,0,0,0,0,0,0,54,0,0,0,0,0,0,0,0,54,0,0,0,0,0,0,54,54
DB 0,0,0,0,0,0,54,0,0,0,0,0,0,0,0,54,0,0,0,0,0,0,54,0,0,0,0,0,0,0,0,54,0,0,0,0,0,0,54,0,0,0,0,0,0,0,0,54,0,0
DB 0,0,0,0,54,0,0,0,0,0,0,0,0,54,0,0,0,0,0,0,54,0,0,0,0,0,0,0,0,54,0,0,0,0,0,0,54,0,0,0,0,0,0,0,0,54,0,0,54,54
DB 0,0,54,0,0,0,0,0,0,0,0,54,0,0,0,0,0,0,54,0,0,0,0,0,0,0,0,54,0,0,0,0,0,0,54,0,0,0,0,0,0,0,0,54,0,0,0,0,0,0
DB 54,0,0,0,0,0,0,0,0,54,0,0,0,0,0,0,54,0,0,0,0,0,0,0,0,54,0,0,0,0,0,0,54,0,0,0,0,0,0,0,0,54,0,0,0,0,0,0,54,54
DB 0,0,0,0,0,0,54,0,0,0,0,0,0,0,0,54,0,0,0,0,0,0,54,0,0,0,0,0,0,0,0,54,0,0,0,0,0,0,54,0,0,0,0,0,0,0,0,54,0,0
DB 0,0,0,0,54,0,0,0,0,0,0,0,0,54,0,0,0,0,0,0,54,0,0,0,0,0,0,0,0,54,0,0,0,0,0,0,54,0,0,0,0,0,0,0,0,54,0,0,54,54
DB 0,0,54,0,0,0,0,0,0,0,0,54,0,0,0,0,0,0,54,0,0,0,0,0,0,0,0,54,0,0,0,0,0,0,54,0,0,0,0,0,0,0,0,54,0,0,0,0,0,0
DB 54,0,0,0,0,0,0,0,0,54,0,0,0,0,0,0,54,0,0,0,0,0,0,0,0,54,0,0,0,0,0,0,54,0,0,0,0,0,0,0,0,54,0,0,0,0,0,0,54,54
DB 0,0,0,0,0,0,54,0,0,0,0,0,0,0,0,54,0,0,0,0,0,0,54,0,0,0,0,0,0,0,0,54,0,0,0,0,0,0,54,0,0,0,0,0,0,0,0,54,0,0
DB 0,0,0,0,54,0,0,0,0,0,0,0,0,54,0,0,0,0,0,0,54,0,0,0,0,0,0,0,0,54,0,0,0,0,0,0,54,0,0,0,0,0,0,0,0,54,0,0,54,54
DB 0,0,54,0,0,0,0,0,0,0,0,54,0,0,0,0,0,0,54,0,0,0,0,0,0,0,0,54,0,0,0,0,0,0,54,0,0,0,0,0,0,0,0,54,0,0,0,0,0,0
DB 54,0,0,0,0,0,0,0,0,54,0,0,0,0,0,0,54,0,0,0,0,0,0,0,0,54,0,0,0,0,0,0,54,0,0,0,0,0,0,0,0,54,0,0,0,0,0,0,54,54
DB 0,0,0,0,0,0,54,0,0,0,0,0,0,0,0,54,0,0,0,0,0,0,54,0,0,0,0,0,0,0,0,54,0,0,0,0,0,0,54,0,0,0,0,0,0,0,0,54,0,0
DB 0,0,0,0,54,0,0,0,0,0,0,0,0,54,0,0,0,0,0,0,54,0,0,0,0,0,0,0,0,54,0,0,0,0,0,0,54,0,0,0,0,0,0,0,0,54,0,0,54,54
DB 0,0,54,0,0,0,0,0,0,0,0,54,0,0,0,0,0,0,54,0,0,0,0,0,0,0,0,54,0,0,0,0,0,0,54,0,0,0,0,0,0,0,0,54,0,0,0,0,0,0
DB 54,0,0,0,0,0,0,0,0,54,0,0,0,0,0,0,54,0,0,0,0,0,0,0,0,54,0,0,0,0,0,0,54,0,0,0,0,0,0,0,0,54,0,0,0,0,0,0,54,54
DB 0,0,0,0,0,0,54,0,0,0,0,0,0,0,0,54,0,0,0,0,0,0,54,0,0,0,0,0,0,0,0,54,0,0,0,0,0,0,54,0,0,0,0,0,0,0,0,54,0,0
DB 0,0,0,0,54,0,0,0,0,0,0,0,0,54,0,0,0,0,0,0,54,0,0,0,0,0,0,0,0,54,0,0,0,0,0,0,54,0,0,0,0,0,0,0,0,54,0,0,54,54
DB 0,0,54,0,0,0,0,0,0,0,0,54,0,0,0,0,0,0,54,0,0,0,0,0,0,0,0,54,0,0,0,0,0,0,54,0,0,0,0,0,0,0,0,54,0,0,0,0,0,0
DB 54,0,0,0,0,0,0,0,0,54,0,0,0,0,0,0,54,0,0,0,0,0,0,0,0,54,0,0,0,0,0,0,54,0,0,0,0,0,0,0,0,54,0,0,0,0,0,0,54,54
DB 0,0,0,0,0,0,54,0,0,0,0,0,0,0,0,54,0,0,0,0,0,0,54,0,0,0,0,0,0,0,0,54,0,0,0,0,0,0,54,0,0,0,0,0,0,0,0,54,0,0
DB 0,0,0,0,54,0,0,0,0,0,0,0,0,54,0,0,0,0,0,0,54,0,0,0,0,0,0,0,0,54,0,0,0,0,0,0,54,0,0,0,0,0,0,0,0,54,0,0,54,54
DB 0,0,54,0,0,0,0,0,0,0,0,54,54,54,54,54,54,54,54,0,0,0,0,0,0,0,0,54,54,54,54,54,54,54,54,0,0,0,0,0,0,0,0,54,54,54,54,54,54,54
DB 54,0,0,0,0,0,0,0,0,54,54,54,54,54,54,54,54,0,0,0,0,0,0,0,0,54,54,54,54,54,54,54,54,0,0,0,0,0,0,0,0,54,54,54,54,54,54,54,54,54
DB 54,54,54,54,54,54,54,0,0,0,0,0,0,0,0,54,54,54,54,54,54,54,54,0,0,0,0,0,0,0,0,54,54,54,54,54,54,54,54,0,0,0,0,0,0,0,0,54,54,54
DB 54,54,54,54,54,0,0,0,0,0,0,0,0,54,54,54,54,54,54,54,54,0,0,0,0,0,0,0,0,54,54,54,54,54,54,54,54,0,0,0,0,0,0,0,0,54,0,0,54,54
DB 0,0,54,0,0,0,0,0,0,0,0,54,54,54,54,54,54,54,54,0,0,0,0,0,0,0,0,54,54,54,54,54,54,54,54,0,0,0,0,0,0,0,0,54,54,54,54,54,54,54
DB 54,0,0,0,0,0,0,0,0,54,54,54,54,54,54,54,54,0,0,0,0,0,0,0,0,54,54,54,54,54,54,54,54,0,0,0,0,0,0,0,0,54,54,54,54,54,54,54,54,54
DB 54,54,54,54,54,54,54,0,0,0,0,0,0,0,0,54,54,54,54,54,54,54,54,0,0,0,0,0,0,0,0,54,54,54,54,54,54,54,54,0,0,0,0,0,0,0,0,54,54,54
DB 54,54,54,54,54,0,0,0,0,0,0,0,0,54,54,54,54,54,54,54,54,0,0,0,0,0,0,0,0,54,54,54,54,54,54,54,54,0,0,0,0,0,0,0,0,54,0,0,54,54
DB 0,0,54,0,0,0,0,0,0,0,0,54,0,0,0,0,0,0,54,0,0,0,0,0,0,0,0,54,0,0,0,0,0,0,54,0,0,0,0,0,0,0,0,54,0,0,0,0,0,0
DB 54,0,0,0,0,0,0,0,0,54,0,0,0,0,0,0,54,0,0,0,0,0,0,0,0,54,0,0,0,0,0,0,54,0,0,0,0,0,0,0,0,54,0,0,0,0,0,0,54,54
DB 0,0,0,0,0,0,54,0,0,0,0,0,0,0,0,54,0,0,0,0,0,0,54,0,0,0,0,0,0,0,0,54,0,0,0,0,0,0,54,0,0,0,0,0,0,0,0,54,0,0
DB 0,0,0,0,54,0,0,0,0,0,0,0,0,54,0,0,0,0,0,0,54,0,0,0,0,0,0,0,0,54,0,0,0,0,0,0,54,0,0,0,0,0,0,0,0,54,0,0,54,54
DB 0,0,54,0,0,0,0,0,0,0,0,54,0,0,0,0,0,0,54,0,0,0,0,0,0,0,0,54,0,0,0,0,0,0,54,0,0,0,0,0,0,0,0,54,0,0,0,0,0,0
DB 54,0,0,0,0,0,0,0,0,54,0,0,0,0,0,0,54,0,0,0,0,0,0,0,0,54,0,0,0,0,0,0,54,0,0,0,0,0,0,0,0,54,0,0,0,0,0,0,54,54
DB 0,0,0,0,0,0,54,0,0,0,0,0,0,0,0,54,0,0,0,0,0,0,54,0,0,0,0,0,0,0,0,54,0,0,0,0,0,0,54,0,0,0,0,0,0,0,0,54,0,0
DB 0,0,0,0,54,0,0,0,0,0,0,0,0,54,0,0,0,0,0,0,54,0,0,0,0,0,0,0,0,54,0,0,0,0,0,0,54,0,0,0,0,0,0,0,0,54,0,0,54,54
DB 0,0,54,0,0,0,0,0,0,0,0,54,0,0,0,0,0,0,54,0,0,0,0,0,0,0,0,54,0,0,0,0,0,0,54,0,0,0,0,0,0,0,0,54,0,0,0,0,0,0
DB 54,0,0,0,0,0,0,0,0,54,0,0,0,0,0,0,54,0,0,0,0,0,0,0,0,54,0,0,0,0,0,0,54,0,0,0,0,0,0,0,0,54,0,0,0,0,0,0,54,54
DB 0,0,0,0,0,0,54,0,0,0,0,0,0,0,0,54,0,0,0,0,0,0,54,0,0,0,0,0,0,0,0,54,0,0,0,0,0,0,54,0,0,0,0,0,0,0,0,54,0,0
DB 0,0,0,0,54,0,0,0,0,0,0,0,0,54,0,0,0,0,0,0,54,0,0,0,0,0,0,0,0,54,0,0,0,0,0,0,54,0,0,0,0,0,0,0,0,54,0,0,54,54
DB 0,0,54,0,0,0,0,0,0,0,0,54,0,0,0,0,0,0,54,0,0,0,0,0,0,0,0,54,0,0,0,0,0,0,54,0,0,0,0,0,0,0,0,54,0,0,0,0,0,0
DB 54,0,0,0,0,0,0,0,0,54,0,0,0,0,0,0,54,0,0,0,0,0,0,0,0,54,0,0,0,0,0,0,54,0,0,0,0,0,0,0,0,54,0,0,0,0,0,0,54,54
DB 0,0,0,0,0,0,54,0,0,0,0,0,0,0,0,54,0,0,0,0,0,0,54,0,0,0,0,0,0,0,0,54,0,0,0,0,0,0,54,0,0,0,0,0,0,0,0,54,0,0
DB 0,0,0,0,54,0,0,0,0,0,0,0,0,54,0,0,0,0,0,0,54,0,0,0,0,0,0,0,0,54,0,0,0,0,0,0,54,0,0,0,0,0,0,0,0,54,0,0,54,54
DB 0,0,54,0,0,0,0,0,0,0,0,54,0,0,0,0,0,0,54,0,0,0,0,0,0,0,0,54,0,0,0,0,0,0,54,0,0,0,0,0,0,0,0,54,0,0,0,0,0,0
DB 54,0,0,0,0,0,0,0,0,54,0,0,0,0,0,0,54,0,0,0,0,0,0,0,0,54,0,0,0,0,0,0,54,0,0,0,0,0,0,0,0,54,0,0,0,0,0,0,54,54
DB 0,0,0,0,0,0,54,0,0,0,0,0,0,0,0,54,0,0,0,0,0,0,54,0,0,0,0,0,0,0,0,54,0,0,0,0,0,0,54,0,0,0,0,0,0,0,0,54,0,0
DB 0,0,0,0,54,0,0,0,0,0,0,0,0,54,0,0,0,0,0,0,54,0,0,0,0,0,0,0,0,54,0,0,0,0,0,0,54,0,0,0,0,0,0,0,0,54,0,0,54,54
DB 0,0,54,0,0,0,0,0,0,0,0,54,0,0,0,0,0,0,54,0,0,0,0,0,0,0,0,54,0,0,0,0,0,0,54,0,0,0,0,0,0,0,0,54,0,0,0,0,0,0
DB 54,0,0,0,0,0,0,0,0,54,0,0,0,0,0,0,54,0,0,0,0,0,0,0,0,54,0,0,0,0,0,0,54,0,0,0,0,0,0,0,0,54,0,0,0,0,0,0,54,54
DB 0,0,0,0,0,0,54,0,0,0,0,0,0,0,0,54,0,0,0,0,0,0,54,0,0,0,0,0,0,0,0,54,0,0,0,0,0,0,54,0,0,0,0,0,0,0,0,54,0,0
DB 0,0,0,0,54,0,0,0,0,0,0,0,0,54,0,0,0,0,0,0,54,0,0,0,0,0,0,0,0,54,0,0,0,0,0,0,54,0,0,0,0,0,0,0,0,54,0,0,54,54
DB 0,0,54,0,0,0,0,0,0,0,0,54,54,54,54,54,54,54,54,0,0,0,0,0,0,0,0,54,54,54,54,54,54,54,54,0,0,0,0,0,0,0,0,54,54,54,54,54,54,54
DB 54,0,0,0,0,0,0,0,0,54,54,54,54,54,54,54,54,0,0,0,0,0,0,0,0,54,54,54,54,54,54,54,54,0,0,0,0,0,0,0,0,54,54,54,54,54,54,54,54,54
DB 54,54,54,54,54,54,54,0,0,0,0,0,0,0,0,54,54,54,54,54,54,54,54,0,0,0,0,0,0,0,0,54,54,54,54,54,54,54,54,0,0,0,0,0,0,0,0,54,54,54
DB 54,54,54,54,54,0,0,0,0,0,0,0,0,54,54,54,54,54,54,54,54,0,0,0,0,0,0,0,0,54,54,54,54,54,54,54,54,0,0,0,0,0,0,0,0,54,0,0,54,54
DB 0,0,54,0,0,0,0,0,0,0,0,0,0,0,0,0,0,0,0,0,0,0,0,0,0,0,0,0,0,0,0,0,0,0,0,0,0,0,0,0,0,0,0,0,0,0,0,0,0,0
DB 0,0,0,0,0,0,0,0,0,0,0,0,0,0,0,0,0,0,0,0,0,0,0,0,0,0,0,0,0,0,0,0,0,0,0,0,0,0,0,0,0,0,0,0,0,0,0,0,0,0
DB 0,0,0,0,0,0,0,0,0,0,0,0,0,0,0,0,0,0,0,0,0,0,0,0,0,0,0,0,0,0,0,0,0,0,0,0,0,0,0,0,0,0,0,0,0,0,0,0,0,0
DB 0,0,0,0,0,0,0,0,0,0,0,0,0,0,0,0,0,0,0,0,0,0,0,0,0,0,0,0,0,0,0,0,0,0,0,0,0,0,0,0,0,0,0,0,0,54,0,0,54,54
DB 0,0,54,0,0,0,0,0,0,0,0,0,0,0,0,0,0,0,0,0,0,0,0,0,0,0,0,0,0,0,0,0,0,0,0,0,0,0,0,0,0,0,0,0,0,0,0,0,0,0
DB 0,0,0,0,0,0,0,0,0,0,0,0,0,0,0,0,0,0,0,0,0,0,0,0,0,0,0,0,0,0,0,0,0,0,0,0,0,0,0,0,0,0,0,0,0,0,0,0,0,0
DB 0,0,0,0,0,0,0,0,0,0,0,0,0,0,0,0,0,0,0,0,0,0,0,0,0,0,0,0,0,0,0,0,0,0,0,0,0,0,0,0,0,0,0,0,0,0,0,0,0,0
DB 0,0,0,0,0,0,0,0,0,0,0,0,0,0,0,0,0,0,0,0,0,0,0,0,0,0,0,0,0,0,0,0,0,0,0,0,0,0,0,0,0,0,0,0,0,54,0,0,54,54
DB 0,0,54,0,0,0,0,0,0,0,0,0,0,0,0,0,0,0,0,0,0,0,0,0,0,0,0,0,0,0,0,0,0,0,0,0,0,0,0,0,0,0,0,0,0,0,0,0,0,0
DB 0,0,0,0,0,0,0,0,0,0,0,0,0,0,0,0,0,0,0,0,0,0,0,0,0,0,0,0,0,0,0,0,0,0,0,0,0,0,0,0,0,0,0,0,0,0,0,0,0,0
DB 0,0,0,0,0,0,0,0,0,0,0,0,0,0,0,0,0,0,0,0,0,0,0,0,0,0,0,0,0,0,0,0,0,0,0,0,0,0,0,0,0,0,0,0,0,0,0,0,0,0
DB 0,0,0,0,0,0,0,0,0,0,0,0,0,0,0,0,0,0,0,0,0,0,0,0,0,0,0,0,0,0,0,0,0,0,0,0,0,0,0,0,0,0,0,0,0,54,0,0,54,54
DB 0,0,54,0,0,0,0,0,0,0,0,0,0,0,0,0,0,0,0,0,0,0,0,0,0,0,0,0,0,0,0,0,0,0,0,0,0,0,0,0,0,0,0,0,0,0,0,0,0,0
DB 0,0,0,0,0,0,0,0,0,0,0,0,0,0,0,0,0,0,0,0,0,0,0,0,0,0,0,0,0,0,0,0,0,0,0,0,0,0,0,0,0,0,0,0,0,0,0,0,0,0
DB 0,0,0,0,0,0,0,0,0,0,0,0,0,0,0,0,0,0,0,0,0,0,0,0,0,0,0,0,0,0,0,0,0,0,0,0,0,0,0,0,0,0,0,0,0,0,0,0,0,0
DB 0,0,0,0,0,0,0,0,0,0,0,0,0,0,0,0,0,0,0,0,0,0,0,0,0,0,0,0,0,0,0,0,0,0,0,0,0,0,0,0,0,0,0,0,0,54,0,0,54,54
DB 0,0,54,0,0,0,0,0,0,0,0,0,0,0,0,0,0,0,0,0,0,0,0,0,0,0,0,0,0,0,0,0,0,0,0,0,0,0,0,0,0,0,0,0,0,0,0,0,0,0
DB 0,0,0,0,0,0,0,0,0,0,0,0,0,0,0,0,0,0,0,0,0,0,0,0,0,0,0,0,0,0,0,0,0,0,0,0,0,0,0,0,0,0,0,0,0,0,0,0,0,0
DB 0,0,0,0,0,0,0,0,0,0,0,0,0,0,0,0,0,0,0,0,0,0,0,0,0,0,0,0,0,0,0,0,0,0,0,0,0,0,0,0,0,0,0,0,0,0,0,0,0,0
DB 0,0,0,0,0,0,0,0,0,0,0,0,0,0,0,0,0,0,0,0,0,0,0,0,0,0,0,0,0,0,0,0,0,0,0,0,0,0,0,0,0,0,0,0,0,54,0,0,54,54
DB 0,0,54,0,0,0,0,0,0,0,0,0,0,0,0,0,0,0,0,0,0,0,0,0,0,0,0,0,0,0,0,0,0,0,0,0,0,0,0,0,0,0,0,0,0,0,0,0,0,0
DB 0,0,0,0,0,0,0,0,0,0,0,0,0,0,0,0,0,0,0,0,0,0,0,0,0,0,0,0,0,0,0,0,0,0,0,0,0,0,0,0,0,0,0,0,0,0,0,0,0,0
DB 0,0,0,0,0,0,0,0,0,0,0,0,0,0,0,0,0,0,0,0,0,0,0,0,0,0,0,0,0,0,0,0,0,0,0,0,0,0,0,0,0,0,0,0,0,0,0,0,0,0
DB 0,0,0,0,0,0,0,0,0,0,0,0,0,0,0,0,0,0,0,0,0,0,0,0,0,0,0,0,0,0,0,0,0,0,0,0,0,0,0,0,0,0,0,0,0,54,0,0,54,54
DB 0,0,54,0,0,0,0,0,0,0,0,0,0,0,0,0,0,0,0,0,0,0,0,0,0,0,0,0,0,0,0,0,0,0,0,0,0,0,0,0,0,0,0,0,0,0,0,0,0,0
DB 0,0,0,0,0,0,0,0,0,0,0,0,0,0,0,0,0,0,0,0,0,0,0,0,0,0,0,0,0,0,0,0,0,0,0,0,0,0,0,0,0,0,0,0,0,0,0,0,0,0
DB 0,0,0,0,0,0,0,0,0,0,0,0,0,0,0,0,0,0,0,0,0,0,0,0,0,0,0,0,0,0,0,0,0,0,0,0,0,0,0,0,0,0,0,0,0,0,0,0,0,0
DB 0,0,0,0,0,0,0,0,0,0,0,0,0,0,0,0,0,0,0,0,0,0,0,0,0,0,0,0,0,0,0,0,0,0,0,0,0,0,0,0,0,0,0,0,0,54,0,0,54,54
DB 0,0,54,0,0,0,0,0,0,0,0,0,0,0,0,0,0,0,0,0,0,0,0,0,0,0,0,0,0,0,0,0,0,0,0,0,0,0,0,0,0,0,0,0,0,0,0,0,0,0
DB 0,0,0,0,0,0,0,0,0,0,0,0,0,0,0,0,0,0,0,0,0,0,0,0,0,0,0,0,0,0,0,0,0,0,0,0,0,0,0,0,0,0,0,0,0,0,0,0,0,0
DB 0,0,0,0,0,0,0,0,0,0,0,0,0,0,0,0,0,0,0,0,0,0,0,0,0,0,0,0,0,0,0,0,0,0,0,0,0,0,0,0,0,0,0,0,0,0,0,0,0,0
DB 0,0,0,0,0,0,0,0,0,0,0,0,0,0,0,0,0,0,0,0,0,0,0,0,0,0,0,0,0,0,0,0,0,0,0,0,0,0,0,0,0,0,0,0,0,54,0,0,54,54
DB 0,0,54,0,0,0,0,0,0,0,0,54,54,54,54,54,54,54,54,0,0,0,0,0,0,0,0,54,54,54,54,54,54,54,54,0,0,0,0,0,0,0,0,54,54,54,54,54,54,54
DB 54,0,0,0,0,0,0,0,0,54,54,54,54,54,54,54,54,0,0,0,0,0,0,0,0,54,54,54,54,54,54,54,54,0,0,0,0,0,0,0,0,54,54,54,54,54,54,54,54,54
DB 54,54,54,54,54,54,54,0,0,0,0,0,0,0,0,54,54,54,54,54,54,54,54,0,0,0,0,0,0,0,0,54,54,54,54,54,54,54,54,0,0,0,0,0,0,0,0,54,54,54
DB 54,54,54,54,54,0,0,0,0,0,0,0,0,54,54,54,54,54,54,54,54,0,0,0,0,0,0,0,0,54,54,54,54,54,54,54,54,0,0,0,0,0,0,0,0,54,0,0,54,54
DB 0,0,54,0,0,0,0,0,0,0,0,54,0,0,0,0,0,0,54,0,0,0,0,0,0,0,0,54,0,0,0,0,0,0,54,0,0,0,0,0,0,0,0,54,0,0,0,0,0,0
DB 54,0,0,0,0,0,0,0,0,54,0,0,0,0,0,0,54,0,0,0,0,0,0,0,0,54,0,0,0,0,0,0,54,0,0,0,0,0,0,0,0,54,0,0,0,0,0,0,54,54
DB 0,0,0,0,0,0,54,0,0,0,0,0,0,0,0,54,0,0,0,0,0,0,54,0,0,0,0,0,0,0,0,54,0,0,0,0,0,0,54,0,0,0,0,0,0,0,0,54,0,0
DB 0,0,0,0,54,0,0,0,0,0,0,0,0,54,0,0,0,0,0,0,54,0,0,0,0,0,0,0,0,54,0,0,0,0,0,0,54,0,0,0,0,0,0,0,0,54,0,0,54,54
DB 0,0,54,0,0,0,0,0,0,0,0,54,0,0,0,0,0,0,54,0,0,0,0,0,0,0,0,54,0,0,0,0,0,0,54,0,0,0,0,0,0,0,0,54,0,0,0,0,0,0
DB 54,0,0,0,0,0,0,0,0,54,0,0,0,0,0,0,54,0,0,0,0,0,0,0,0,54,0,0,0,0,0,0,54,0,0,0,0,0,0,0,0,54,0,0,0,0,0,0,54,54
DB 0,0,0,0,0,0,54,0,0,0,0,0,0,0,0,54,0,0,0,0,0,0,54,0,0,0,0,0,0,0,0,54,0,0,0,0,0,0,54,0,0,0,0,0,0,0,0,54,0,0
DB 0,0,0,0,54,0,0,0,0,0,0,0,0,54,0,0,0,0,0,0,54,0,0,0,0,0,0,0,0,54,0,0,0,0,0,0,54,0,0,0,0,0,0,0,0,54,0,0,54,54
DB 0,0,54,0,0,0,0,0,0,0,0,54,0,0,0,0,0,0,54,0,0,0,0,0,0,0,0,54,0,0,0,0,0,0,54,0,0,0,0,0,0,0,0,54,0,0,0,0,0,0
DB 54,0,0,0,0,0,0,0,0,54,0,0,0,0,0,0,54,0,0,0,0,0,0,0,0,54,0,0,0,0,0,0,54,0,0,0,0,0,0,0,0,54,0,0,0,0,0,0,54,54
DB 0,0,0,0,0,0,54,0,0,0,0,0,0,0,0,54,0,0,0,0,0,0,54,0,0,0,0,0,0,0,0,54,0,0,0,0,0,0,54,0,0,0,0,0,0,0,0,54,0,0
DB 0,0,0,0,54,0,0,0,0,0,0,0,0,54,0,0,0,0,0,0,54,0,0,0,0,0,0,0,0,54,0,0,0,0,0,0,54,0,0,0,0,0,0,0,0,54,0,0,54,54
DB 0,0,54,0,0,0,0,0,0,0,0,54,0,0,0,0,0,0,54,0,0,0,0,0,0,0,0,54,0,0,0,0,0,0,54,0,0,0,0,0,0,0,0,54,0,0,0,0,0,0
DB 54,0,0,0,0,0,0,0,0,54,0,0,0,0,0,0,54,0,0,0,0,0,0,0,0,54,0,0,0,0,0,0,54,0,0,0,0,0,0,0,0,54,0,0,0,0,0,0,54,54
DB 0,0,0,0,0,0,54,0,0,0,0,0,0,0,0,54,0,0,0,0,0,0,54,0,0,0,0,0,0,0,0,54,0,0,0,0,0,0,54,0,0,0,0,0,0,0,0,54,0,0
DB 0,0,0,0,54,0,0,0,0,0,0,0,0,54,0,0,0,0,0,0,54,0,0,0,0,0,0,0,0,54,0,0,0,0,0,0,54,0,0,0,0,0,0,0,0,54,0,0,54,54
DB 0,0,54,0,0,0,0,0,0,0,0,54,0,0,0,0,0,0,54,0,0,0,0,0,0,0,0,54,0,0,0,0,0,0,54,0,0,0,0,0,0,0,0,54,0,0,0,0,0,0
DB 54,0,0,0,0,0,0,0,0,54,0,0,0,0,0,0,54,0,0,0,0,0,0,0,0,54,0,0,0,0,0,0,54,0,0,0,0,0,0,0,0,54,0,0,0,0,0,0,54,54
DB 0,0,0,0,0,0,54,0,0,0,0,0,0,0,0,54,0,0,0,0,0,0,54,0,0,0,0,0,0,0,0,54,0,0,0,0,0,0,54,0,0,0,0,0,0,0,0,54,0,0
DB 0,0,0,0,54,0,0,0,0,0,0,0,0,54,0,0,0,0,0,0,54,0,0,0,0,0,0,0,0,54,0,0,0,0,0,0,54,0,0,0,0,0,0,0,0,54,0,0,54,54
DB 0,0,54,0,0,0,0,0,0,0,0,54,0,0,0,0,0,0,54,0,0,0,0,0,0,0,0,54,0,0,0,0,0,0,54,0,0,0,0,0,0,0,0,54,0,0,0,0,0,0
DB 54,0,0,0,0,0,0,0,0,54,0,0,0,0,0,0,54,0,0,0,0,0,0,0,0,54,0,0,0,0,0,0,54,0,0,0,0,0,0,0,0,54,0,0,0,0,0,0,54,54
DB 0,0,0,0,0,0,54,0,0,0,0,0,0,0,0,54,0,0,0,0,0,0,54,0,0,0,0,0,0,0,0,54,0,0,0,0,0,0,54,0,0,0,0,0,0,0,0,54,0,0
DB 0,0,0,0,54,0,0,0,0,0,0,0,0,54,0,0,0,0,0,0,54,0,0,0,0,0,0,0,0,54,0,0,0,0,0,0,54,0,0,0,0,0,0,0,0,54,0,0,54,54
DB 0,0,54,0,0,0,0,0,0,0,0,54,54,54,54,54,54,54,54,0,0,0,0,0,0,0,0,54,54,54,54,54,54,54,54,0,0,0,0,0,0,0,0,54,54,54,54,54,54,54
DB 54,0,0,0,0,0,0,0,0,54,54,54,54,54,54,54,54,0,0,0,0,0,0,0,0,54,54,54,54,54,54,54,54,0,0,0,0,0,0,0,0,54,54,54,54,54,54,54,54,54
DB 54,54,54,54,54,54,54,0,0,0,0,0,0,0,0,54,54,54,54,54,54,54,54,0,0,0,0,0,0,0,0,54,54,54,54,54,54,54,54,0,0,0,0,0,0,0,0,54,54,54
DB 54,54,54,54,54,0,0,0,0,0,0,0,0,54,54,54,54,54,54,54,54,0,0,0,0,0,0,0,0,54,54,54,54,54,54,54,54,0,0,0,0,0,0,0,0,54,0,0,54,54
DB 0,0,54,0,0,0,0,0,0,0,0,0,0,0,0,0,0,0,0,0,0,0,0,0,0,0,0,0,0,0,0,0,0,0,0,0,0,0,0,0,0,0,0,0,0,0,0,0,0,0
DB 0,0,0,0,0,0,0,0,0,0,0,0,0,0,0,0,0,0,0,0,0,0,0,0,0,0,0,0,0,0,0,0,0,0,0,0,0,0,0,0,0,0,0,0,0,0,0,0,0,0
DB 0,0,0,0,0,0,0,0,0,0,0,0,0,0,0,0,0,0,0,0,0,0,0,0,0,0,0,0,0,0,0,0,0,0,0,0,0,0,0,0,0,0,0,0,0,0,0,0,0,0
DB 0,0,0,0,0,0,0,0,0,0,0,0,0,0,0,0,0,0,0,0,0,0,0,0,0,0,0,0,0,0,0,0,0,0,0,0,0,0,0,0,0,0,0,0,0,54,0,0,54,54
DB 0,0,54,0,0,0,0,0,0,0,0,0,0,0,0,0,0,0,0,0,0,0,0,0,0,0,0,0,0,0,0,0,0,0,0,0,0,0,0,0,0,0,0,0,0,0,0,0,0,0
DB 0,0,0,0,0,0,0,0,0,0,0,0,0,0,0,0,0,0,0,0,0,0,0,0,0,0,0,0,0,0,0,0,0,0,0,0,0,0,0,0,0,0,0,0,0,0,0,0,0,0
DB 0,0,0,0,0,0,0,0,0,0,0,0,0,0,0,0,0,0,0,0,0,0,0,0,0,0,0,0,0,0,0,0,0,0,0,0,0,0,0,0,0,0,0,0,0,0,0,0,0,0
DB 0,0,0,0,0,0,0,0,0,0,0,0,0,0,0,0,0,0,0,0,0,0,0,0,0,0,0,0,0,0,0,0,0,0,0,0,0,0,0,0,0,0,0,0,0,54,0,0,54,54
DB 0,0,54,0,0,0,0,0,0,0,0,0,0,0,0,0,0,0,0,0,0,0,0,0,0,0,0,0,0,0,0,0,0,0,0,0,0,0,0,0,0,0,0,0,0,0,0,0,0,0
DB 0,0,0,0,0,0,0,0,0,0,0,0,0,0,0,0,0,0,0,0,0,0,0,0,0,0,0,0,0,0,0,0,0,0,0,0,0,0,0,0,0,0,0,0,0,0,0,0,0,0
DB 0,0,0,0,0,0,0,0,0,0,0,0,0,0,0,0,0,0,0,0,0,0,0,0,0,0,0,0,0,0,0,0,0,0,0,0,0,0,0,0,0,0,0,0,0,0,0,0,0,0
DB 0,0,0,0,0,0,0,0,0,0,0,0,0,0,0,0,0,0,0,0,0,0,0,0,0,0,0,0,0,0,0,0,0,0,0,0,0,0,0,0,0,0,0,0,0,54,0,0,54,54
DB 0,0,54,0,0,0,0,0,0,0,0,0,0,0,0,0,0,0,0,0,0,0,0,0,0,0,0,0,0,0,0,0,0,0,0,0,0,0,0,0,0,0,0,0,0,0,0,0,0,0
DB 0,0,0,0,0,0,0,0,0,0,0,0,0,0,0,0,0,0,0,0,0,0,0,0,0,0,0,0,0,0,0,0,0,0,0,0,0,0,0,0,0,0,0,0,0,0,0,0,0,0
DB 0,0,0,0,0,0,0,0,0,0,0,0,0,0,0,0,0,0,0,0,0,0,0,0,0,0,0,0,0,0,0,0,0,0,0,0,0,0,0,0,0,0,0,0,0,0,0,0,0,0
DB 0,0,0,0,0,0,0,0,0,0,0,0,0,0,0,0,0,0,0,0,0,0,0,0,0,0,0,0,0,0,0,0,0,0,0,0,0,0,0,0,0,0,0,0,0,54,0,0,54,54
DB 0,0,54,0,0,0,0,0,0,0,0,0,0,0,0,0,0,0,0,0,0,0,0,0,0,0,0,0,0,0,0,0,0,0,0,0,0,0,0,0,0,0,0,0,0,0,0,0,0,0
DB 0,0,0,0,0,0,0,0,0,0,0,0,0,0,0,0,0,0,0,0,0,0,0,0,0,0,0,0,0,0,0,0,0,0,0,0,0,0,0,0,0,0,0,0,0,0,0,0,0,0
DB 0,0,0,0,0,0,0,0,0,0,0,0,0,0,0,0,0,0,0,0,0,0,0,0,0,0,0,0,0,0,0,0,0,0,0,0,0,0,0,0,0,0,0,0,0,0,0,0,0,0
DB 0,0,0,0,0,0,0,0,0,0,0,0,0,0,0,0,0,0,0,0,0,0,0,0,0,0,0,0,0,0,0,0,0,0,0,0,0,0,0,0,0,0,0,0,0,54,0,0,54,54
DB 0,0,54,0,0,0,0,0,0,0,0,0,0,0,0,0,0,0,0,0,0,0,0,0,0,0,0,0,0,0,0,0,0,0,0,0,0,0,0,0,0,0,0,0,0,0,0,0,0,0
DB 0,0,0,0,0,0,0,0,0,0,0,0,0,0,0,0,0,0,0,0,0,0,0,0,0,0,0,0,0,0,0,0,0,0,0,0,0,0,0,0,0,0,0,0,0,0,0,0,0,0
DB 0,0,0,0,0,0,0,0,0,0,0,0,0,0,0,0,0,0,0,0,0,0,0,0,0,0,0,0,0,0,0,0,0,0,0,0,0,0,0,0,0,0,0,0,0,0,0,0,0,0
DB 0,0,0,0,0,0,0,0,0,0,0,0,0,0,0,0,0,0,0,0,0,0,0,0,0,0,0,0,0,0,0,0,0,0,0,0,0,0,0,0,0,0,0,0,0,54,0,0,54,54
DB 0,0,54,0,0,0,0,0,0,0,0,0,0,0,0,0,0,0,0,0,0,0,0,0,0,0,0,0,0,0,0,0,0,0,0,0,0,0,0,0,0,0,0,0,0,0,0,0,0,0
DB 0,0,0,0,0,0,0,0,0,0,0,0,0,0,0,0,0,0,0,0,0,0,0,0,0,0,0,0,0,0,0,0,0,0,0,0,0,0,0,0,0,0,0,0,0,0,0,0,0,0
DB 0,0,0,0,0,0,0,0,0,0,0,0,0,0,0,0,0,0,0,0,0,0,0,0,0,0,0,0,0,0,0,0,0,0,0,0,0,0,0,0,0,0,0,0,0,0,0,0,0,0
DB 0,0,0,0,0,0,0,0,0,0,0,0,0,0,0,0,0,0,0,0,0,0,0,0,0,0,0,0,0,0,0,0,0,0,0,0,0,0,0,0,0,0,0,0,0,54,0,0,54,54
DB 0,0,54,0,0,0,0,0,0,0,0,0,0,0,0,0,0,0,0,0,0,0,0,0,0,0,0,0,0,0,0,0,0,0,0,0,0,0,0,0,0,0,0,0,0,0,0,0,0,0
DB 0,0,0,0,0,0,0,0,0,0,0,0,0,0,0,0,0,0,0,0,0,0,0,0,0,0,0,0,0,0,0,0,0,0,0,0,0,0,0,0,0,0,0,0,0,0,0,0,0,0
DB 0,0,0,0,0,0,0,0,0,0,0,0,0,0,0,0,0,0,0,0,0,0,0,0,0,0,0,0,0,0,0,0,0,0,0,0,0,0,0,0,0,0,0,0,0,0,0,0,0,0
DB 0,0,0,0,0,0,0,0,0,0,0,0,0,0,0,0,0,0,0,0,0,0,0,0,0,0,0,0,0,0,0,0,0,0,0,0,0,0,0,0,0,0,0,0,0,54,0,0,54,54
DB 0,0,54,0,0,0,0,0,0,0,0,54,54,54,54,54,54,54,54,0,0,0,0,0,0,0,0,54,54,54,54,54,54,54,54,0,0,0,0,0,0,0,0,54,54,54,54,54,54,54
DB 54,0,0,0,0,0,0,0,0,54,54,54,54,54,54,54,54,0,0,0,0,0,0,0,0,54,54,54,54,54,54,54,54,0,0,0,0,0,0,0,0,54,54,54,54,54,54,54,54,54
DB 54,54,54,54,54,54,54,0,0,0,0,0,0,0,0,54,54,54,54,54,54,54,54,0,0,0,0,0,0,0,0,54,54,54,54,54,54,54,54,0,0,0,0,0,0,0,0,54,54,54
DB 54,54,54,54,54,0,0,0,0,0,0,0,0,54,54,54,54,54,54,54,54,0,0,0,0,0,0,0,0,54,54,54,54,54,54,54,54,0,0,0,0,0,0,0,0,54,0,0,54,54
DB 0,0,54,0,0,0,0,0,0,0,0,54,0,0,0,0,0,0,54,0,0,0,0,0,0,0,0,54,0,0,0,0,0,0,54,0,0,0,0,0,0,0,0,54,0,0,0,0,0,0
DB 54,0,0,0,0,0,0,0,0,54,0,0,0,0,0,0,54,0,0,0,0,0,0,0,0,54,0,0,0,0,0,0,54,0,0,0,0,0,0,0,0,54,0,0,0,0,0,0,54,54
DB 0,0,0,0,0,0,54,0,0,0,0,0,0,0,0,54,0,0,0,0,0,0,54,0,0,0,0,0,0,0,0,54,0,0,0,0,0,0,54,0,0,0,0,0,0,0,0,54,0,0
DB 0,0,0,0,54,0,0,0,0,0,0,0,0,54,0,0,0,0,0,0,54,0,0,0,0,0,0,0,0,54,0,0,0,0,0,0,54,0,0,0,0,0,0,0,0,54,0,0,54,54
DB 0,0,54,0,0,0,0,0,0,0,0,54,0,0,0,0,0,0,54,0,0,0,0,0,0,0,0,54,0,0,0,0,0,0,54,0,0,0,0,0,0,0,0,54,0,0,0,0,0,0
DB 54,0,0,0,0,0,0,0,0,54,0,0,0,0,0,0,54,0,0,0,0,0,0,0,0,54,0,0,0,0,0,0,54,0,0,0,0,0,0,0,0,54,0,0,0,0,0,0,54,54
DB 0,0,0,0,0,0,54,0,0,0,0,0,0,0,0,54,0,0,0,0,0,0,54,0,0,0,0,0,0,0,0,54,0,0,0,0,0,0,54,0,0,0,0,0,0,0,0,54,0,0
DB 0,0,0,0,54,0,0,0,0,0,0,0,0,54,0,0,0,0,0,0,54,0,0,0,0,0,0,0,0,54,0,0,0,0,0,0,54,0,0,0,0,0,0,0,0,54,0,0,54,54
DB 0,0,54,0,0,0,0,0,0,0,0,54,0,0,0,0,0,0,54,0,0,0,0,0,0,0,0,54,0,0,0,0,0,0,54,0,0,0,0,0,0,0,0,54,0,0,0,0,0,0
DB 54,0,0,0,0,0,0,0,0,54,0,0,0,0,0,0,54,0,0,0,0,0,0,0,0,54,0,0,0,0,0,0,54,0,0,0,0,0,0,0,0,54,0,0,0,0,0,0,54,54
DB 0,0,0,0,0,0,54,0,0,0,0,0,0,0,0,54,0,0,0,0,0,0,54,0,0,0,0,0,0,0,0,54,0,0,0,0,0,0,54,0,0,0,0,0,0,0,0,54,0,0
DB 0,0,0,0,54,0,0,0,0,0,0,0,0,54,0,0,0,0,0,0,54,0,0,0,0,0,0,0,0,54,0,0,0,0,0,0,54,0,0,0,0,0,0,0,0,54,0,0,54,54
DB 0,0,54,0,0,0,0,0,0,0,0,54,0,0,0,0,0,0,54,0,0,0,0,0,0,0,0,54,0,0,0,0,0,0,54,0,0,0,0,0,0,0,0,54,0,0,0,0,0,0
DB 54,0,0,0,0,0,0,0,0,54,0,0,0,0,0,0,54,0,0,0,0,0,0,0,0,54,0,0,0,0,0,0,54,0,0,0,0,0,0,0,0,54,0,0,0,0,0,0,54,54
DB 0,0,0,0,0,0,54,0,0,0,0,0,0,0,0,54,0,0,0,0,0,0,54,0,0,0,0,0,0,0,0,54,0,0,0,0,0,0,54,0,0,0,0,0,0,0,0,54,0,0
DB 0,0,0,0,54,0,0,0,0,0,0,0,0,54,0,0,0,0,0,0,54,0,0,0,0,0,0,0,0,54,0,0,0,0,0,0,54,0,0,0,0,0,0,0,0,54,0,0,54,54
DB 0,0,54,0,0,0,0,0,0,0,0,54,0,0,0,0,0,0,54,0,0,0,0,0,0,0,0,54,0,0,0,0,0,0,54,0,0,0,0,0,0,0,0,54,0,0,0,0,0,0
DB 54,0,0,0,0,0,0,0,0,54,0,0,0,0,0,0,54,0,0,0,0,0,0,0,0,54,0,0,0,0,0,0,54,0,0,0,0,0,0,0,0,54,0,0,0,0,0,0,54,54
DB 0,0,0,0,0,0,54,0,0,0,0,0,0,0,0,54,0,0,0,0,0,0,54,0,0,0,0,0,0,0,0,54,0,0,0,0,0,0,54,0,0,0,0,0,0,0,0,54,0,0
DB 0,0,0,0,54,0,0,0,0,0,0,0,0,54,0,0,0,0,0,0,54,0,0,0,0,0,0,0,0,54,0,0,0,0,0,0,54,0,0,0,0,0,0,0,0,54,0,0,54,54
DB 0,0,54,0,0,0,0,0,0,0,0,54,0,0,0,0,0,0,54,0,0,0,0,0,0,0,0,54,0,0,0,0,0,0,54,0,0,0,0,0,0,0,0,54,0,0,0,0,0,0
DB 54,0,0,0,0,0,0,0,0,54,0,0,0,0,0,0,54,0,0,0,0,0,0,0,0,54,0,0,0,0,0,0,54,0,0,0,0,0,0,0,0,54,0,0,0,0,0,0,54,54
DB 0,0,0,0,0,0,54,0,0,0,0,0,0,0,0,54,0,0,0,0,0,0,54,0,0,0,0,0,0,0,0,54,0,0,0,0,0,0,54,0,0,0,0,0,0,0,0,54,0,0
DB 0,0,0,0,54,0,0,0,0,0,0,0,0,54,0,0,0,0,0,0,54,0,0,0,0,0,0,0,0,54,0,0,0,0,0,0,54,0,0,0,0,0,0,0,0,54,0,0,54,54
DB 0,0,54,0,0,0,0,0,0,0,0,54,54,54,54,54,54,54,54,0,0,0,0,0,0,0,0,54,54,54,54,54,54,54,54,0,0,0,0,0,0,0,0,54,54,54,54,54,54,54
DB 54,0,0,0,0,0,0,0,0,54,54,54,54,54,54,54,54,0,0,0,0,0,0,0,0,54,54,54,54,54,54,54,54,0,0,0,0,0,0,0,0,54,54,54,54,54,54,54,54,54
DB 54,54,54,54,54,54,54,0,0,0,0,0,0,0,0,54,54,54,54,54,54,54,54,0,0,0,0,0,0,0,0,54,54,54,54,54,54,54,54,0,0,0,0,0,0,0,0,54,54,54
DB 54,54,54,54,54,0,0,0,0,0,0,0,0,54,54,54,54,54,54,54,54,0,0,0,0,0,0,0,0,54,54,54,54,54,54,54,54,0,0,0,0,0,0,0,0,54,0,0,54,54
DB 0,0,54,0,0,0,0,0,0,0,0,0,0,0,0,0,0,0,0,0,0,0,0,0,0,0,0,0,0,0,0,0,0,0,0,0,0,0,0,0,0,0,0,0,0,0,0,0,0,0
DB 0,0,0,0,0,0,0,0,0,0,0,0,0,0,0,0,0,0,0,0,0,0,0,0,0,0,0,0,0,0,0,0,0,0,0,0,0,0,0,0,0,0,0,0,0,0,0,0,0,0
DB 0,0,0,0,0,0,0,0,0,0,0,0,0,0,0,0,0,0,0,0,0,0,0,0,0,0,0,0,0,0,0,0,0,0,0,0,0,0,0,0,0,0,0,0,0,0,0,0,0,0
DB 0,0,0,0,0,0,0,0,0,0,0,0,0,0,0,0,0,0,0,0,0,0,0,0,0,0,0,0,0,0,0,0,0,0,0,0,0,0,0,0,0,0,0,0,0,54,0,0,54,54
DB 0,0,54,0,0,0,0,0,0,0,0,0,0,0,0,0,0,0,0,0,0,0,0,0,0,0,0,0,0,0,0,0,0,0,0,0,0,0,0,0,0,0,0,0,0,0,0,0,0,0
DB 0,0,0,0,0,0,0,0,0,0,0,0,0,0,0,0,0,0,0,0,0,0,0,0,0,0,0,0,0,0,0,0,0,0,0,0,0,0,0,0,0,0,0,0,0,0,0,0,0,0
DB 0,0,0,0,0,0,0,0,0,0,0,0,0,0,0,0,0,0,0,0,0,0,0,0,0,0,0,0,0,0,0,0,0,0,0,0,0,0,0,0,0,0,0,0,0,0,0,0,0,0
DB 0,0,0,0,0,0,0,0,0,0,0,0,0,0,0,0,0,0,0,0,0,0,0,0,0,0,0,0,0,0,0,0,0,0,0,0,0,0,0,0,0,0,0,0,0,54,0,0,54,54
DB 0,0,54,0,0,0,0,0,0,0,0,0,0,0,0,0,0,0,0,0,0,0,0,0,0,0,0,0,0,0,0,0,0,0,0,0,0,0,0,0,0,0,0,0,0,0,0,0,0,0
DB 0,0,0,0,0,0,0,0,0,0,0,0,0,0,0,0,0,0,0,0,0,0,0,0,0,0,0,0,0,0,0,0,0,0,0,0,0,0,0,0,0,0,0,0,0,0,0,0,0,0
DB 0,0,0,0,0,0,0,0,0,0,0,0,0,0,0,0,0,0,0,0,0,0,0,0,0,0,0,0,0,0,0,0,0,0,0,0,0,0,0,0,0,0,0,0,0,0,0,0,0,0
DB 0,0,0,0,0,0,0,0,0,0,0,0,0,0,0,0,0,0,0,0,0,0,0,0,0,0,0,0,0,0,0,0,0,0,0,0,0,0,0,0,0,0,0,0,0,54,0,0,54,54
DB 0,0,54,0,0,0,0,0,0,0,0,0,0,0,0,0,0,0,0,0,0,0,0,0,0,0,0,0,0,0,0,0,0,0,0,0,0,0,0,0,0,0,0,0,0,0,0,0,0,0
DB 0,0,0,0,0,0,0,0,0,0,0,0,0,0,0,0,0,0,0,0,0,0,0,0,0,0,0,0,0,0,0,0,0,0,0,0,0,0,0,0,0,0,0,0,0,0,0,0,0,0
DB 0,0,0,0,0,0,0,0,0,0,0,0,0,0,0,0,0,0,0,0,0,0,0,0,0,0,0,0,0,0,0,0,0,0,0,0,0,0,0,0,0,0,0,0,0,0,0,0,0,0
DB 0,0,0,0,0,0,0,0,0,0,0,0,0,0,0,0,0,0,0,0,0,0,0,0,0,0,0,0,0,0,0,0,0,0,0,0,0,0,0,0,0,0,0,0,0,54,0,0,54,54
DB 0,0,54,0,0,0,0,0,0,0,0,0,0,0,0,0,0,0,0,0,0,0,0,0,0,0,0,0,0,0,0,0,0,0,0,0,0,0,0,0,0,0,0,0,0,0,0,0,0,0
DB 0,0,0,0,0,0,0,0,0,0,0,0,0,0,0,0,0,0,0,0,0,0,0,0,0,0,0,0,0,0,0,0,0,0,0,0,0,0,0,0,0,0,0,0,0,0,0,0,0,0
DB 0,0,0,0,0,0,0,0,0,0,0,0,0,0,0,0,0,0,0,0,0,0,0,0,0,0,0,0,0,0,0,0,0,0,0,0,0,0,0,0,0,0,0,0,0,0,0,0,0,0
DB 0,0,0,0,0,0,0,0,0,0,0,0,0,0,0,0,0,0,0,0,0,0,0,0,0,0,0,0,0,0,0,0,0,0,0,0,0,0,0,0,0,0,0,0,0,54,0,0,54,54
DB 0,0,54,0,0,0,0,0,0,0,0,0,0,0,0,0,0,0,0,0,0,0,0,0,0,0,0,0,0,0,0,0,0,0,0,0,0,0,0,0,0,0,0,0,0,0,0,0,0,0
DB 0,0,0,0,0,0,0,0,0,0,0,0,0,0,0,0,0,0,0,0,0,0,0,0,0,0,0,0,0,0,0,0,0,0,0,0,0,0,0,0,0,0,0,0,0,0,0,0,0,0
DB 0,0,0,0,0,0,0,0,0,0,0,0,0,0,0,0,0,0,0,0,0,0,0,0,0,0,0,0,0,0,0,0,0,0,0,0,0,0,0,0,0,0,0,0,0,0,0,0,0,0
DB 0,0,0,0,0,0,0,0,0,0,0,0,0,0,0,0,0,0,0,0,0,0,0,0,0,0,0,0,0,0,0,0,0,0,0,0,0,0,0,0,0,0,0,0,0,54,0,0,54,54
DB 0,0,54,0,0,0,0,0,0,0,0,0,0,0,0,0,0,0,0,0,0,0,0,0,0,0,0,0,0,0,0,0,0,0,0,0,0,0,0,0,0,0,0,0,0,0,0,0,0,0
DB 0,0,0,0,0,0,0,0,0,0,0,0,0,0,0,0,0,0,0,0,0,0,0,0,0,0,0,0,0,0,0,0,0,0,0,0,0,0,0,0,0,0,0,0,0,0,0,0,0,0
DB 0,0,0,0,0,0,0,0,0,0,0,0,0,0,0,0,0,0,0,0,0,0,0,0,0,0,0,0,0,0,0,0,0,0,0,0,0,0,0,0,0,0,0,0,0,0,0,0,0,0
DB 0,0,0,0,0,0,0,0,0,0,0,0,0,0,0,0,0,0,0,0,0,0,0,0,0,0,0,0,0,0,0,0,0,0,0,0,0,0,0,0,0,0,0,0,0,54,0,0,54,54
DB 0,0,54,0,0,0,0,0,0,0,0,0,0,0,0,0,0,0,0,0,0,0,0,0,0,0,0,0,0,0,0,0,0,0,0,0,0,0,0,0,0,0,0,0,0,0,0,0,0,0
DB 0,0,0,0,0,0,0,0,0,0,0,0,0,0,0,0,0,0,0,0,0,0,0,0,0,0,0,0,0,0,0,0,0,0,0,0,0,0,0,0,0,0,0,0,0,0,0,0,0,0
DB 0,0,0,0,0,0,0,0,0,0,0,0,0,0,0,0,0,0,0,0,0,0,0,0,0,0,0,0,0,0,0,0,0,0,0,0,0,0,0,0,0,0,0,0,0,0,0,0,0,0
DB 0,0,0,0,0,0,0,0,0,0,0,0,0,0,0,0,0,0,0,0,0,0,0,0,0,0,0,0,0,0,0,0,0,0,0,0,0,0,0,0,0,0,0,0,0,54,0,0,54,54
DB 0,0,54,0,0,0,0,0,0,0,0,54,54,54,54,54,54,54,54,0,0,0,0,0,0,0,0,54,54,54,54,54,54,54,54,0,0,0,0,0,0,0,0,54,54,54,54,54,54,54
DB 54,0,0,0,0,0,0,0,0,54,54,54,54,54,54,54,54,0,0,0,0,0,0,0,0,54,54,54,54,54,54,54,54,0,0,0,0,0,0,0,0,54,54,54,54,54,54,54,54,54
DB 54,54,54,54,54,54,54,0,0,0,0,0,0,0,0,54,54,54,54,54,54,54,54,0,0,0,0,0,0,0,0,54,54,54,54,54,54,54,54,0,0,0,0,0,0,0,0,54,54,54
DB 54,54,54,54,54,0,0,0,0,0,0,0,0,54,54,54,54,54,54,54,54,0,0,0,0,0,0,0,0,54,54,54,54,54,54,54,54,0,0,0,0,0,0,0,0,54,0,0,54,54
DB 0,0,54,0,0,0,0,0,0,0,0,54,0,0,0,0,0,0,54,0,0,0,0,0,0,0,0,54,0,0,0,0,0,0,54,0,0,0,0,0,0,0,0,54,0,0,0,0,0,0
DB 54,0,0,0,0,0,0,0,0,54,0,0,0,0,0,0,54,0,0,0,0,0,0,0,0,54,0,0,0,0,0,0,54,0,0,0,0,0,0,0,0,54,0,0,0,0,0,0,54,54
DB 0,0,0,0,0,0,54,0,0,0,0,0,0,0,0,54,0,0,0,0,0,0,54,0,0,0,0,0,0,0,0,54,0,0,0,0,0,0,54,0,0,0,0,0,0,0,0,54,0,0
DB 0,0,0,0,54,0,0,0,0,0,0,0,0,54,0,0,0,0,0,0,54,0,0,0,0,0,0,0,0,54,0,0,0,0,0,0,54,0,0,0,0,0,0,0,0,54,0,0,54,54
DB 0,0,54,0,0,0,0,0,0,0,0,54,0,0,0,0,0,0,54,0,0,0,0,0,0,0,0,54,0,0,0,0,0,0,54,0,0,0,0,0,0,0,0,54,0,0,0,0,0,0
DB 54,0,0,0,0,0,0,0,0,54,0,0,0,0,0,0,54,0,0,0,0,0,0,0,0,54,0,0,0,0,0,0,54,0,0,0,0,0,0,0,0,54,0,0,0,0,0,0,54,54
DB 0,0,0,0,0,0,54,0,0,0,0,0,0,0,0,54,0,0,0,0,0,0,54,0,0,0,0,0,0,0,0,54,0,0,0,0,0,0,54,0,0,0,0,0,0,0,0,54,0,0
DB 0,0,0,0,54,0,0,0,0,0,0,0,0,54,0,0,0,0,0,0,54,0,0,0,0,0,0,0,0,54,0,0,0,0,0,0,54,0,0,0,0,0,0,0,0,54,0,0,54,54
DB 0,0,54,0,0,0,0,0,0,0,0,54,0,0,0,0,0,0,54,0,0,0,0,0,0,0,0,54,0,0,0,0,0,0,54,0,0,0,0,0,0,0,0,54,0,0,0,0,0,0
DB 54,0,0,0,0,0,0,0,0,54,0,0,0,0,0,0,54,0,0,0,0,0,0,0,0,54,0,0,0,0,0,0,54,0,0,0,0,0,0,0,0,54,0,0,0,0,0,0,54,54
DB 0,0,0,0,0,0,54,0,0,0,0,0,0,0,0,54,0,0,0,0,0,0,54,0,0,0,0,0,0,0,0,54,0,0,0,0,0,0,54,0,0,0,0,0,0,0,0,54,0,0
DB 0,0,0,0,54,0,0,0,0,0,0,0,0,54,0,0,0,0,0,0,54,0,0,0,0,0,0,0,0,54,0,0,0,0,0,0,54,0,0,0,0,0,0,0,0,54,0,0,54,54
DB 0,0,54,0,0,0,0,0,0,0,0,54,0,0,0,0,0,0,54,0,0,0,0,0,0,0,0,54,0,0,0,0,0,0,54,0,0,0,0,0,0,0,0,54,0,0,0,0,0,0
DB 54,0,0,0,0,0,0,0,0,54,0,0,0,0,0,0,54,0,0,0,0,0,0,0,0,54,0,0,0,0,0,0,54,0,0,0,0,0,0,0,0,54,0,0,0,0,0,0,54,54
DB 0,0,0,0,0,0,54,0,0,0,0,0,0,0,0,54,0,0,0,0,0,0,54,0,0,0,0,0,0,0,0,54,0,0,0,0,0,0,54,0,0,0,0,0,0,0,0,54,0,0
DB 0,0,0,0,54,0,0,0,0,0,0,0,0,54,0,0,0,0,0,0,54,0,0,0,0,0,0,0,0,54,0,0,0,0,0,0,54,0,0,0,0,0,0,0,0,54,0,0,54,54
DB 0,0,54,0,0,0,0,0,0,0,0,54,0,0,0,0,0,0,54,0,0,0,0,0,0,0,0,54,0,0,0,0,0,0,54,0,0,0,0,0,0,0,0,54,0,0,0,0,0,0
DB 54,0,0,0,0,0,0,0,0,54,0,0,0,0,0,0,54,0,0,0,0,0,0,0,0,54,0,0,0,0,0,0,54,0,0,0,0,0,0,0,0,54,0,0,0,0,0,0,54,54
DB 0,0,0,0,0,0,54,0,0,0,0,0,0,0,0,54,0,0,0,0,0,0,54,0,0,0,0,0,0,0,0,54,0,0,0,0,0,0,54,0,0,0,0,0,0,0,0,54,0,0
DB 0,0,0,0,54,0,0,0,0,0,0,0,0,54,0,0,0,0,0,0,54,0,0,0,0,0,0,0,0,54,0,0,0,0,0,0,54,0,0,0,0,0,0,0,0,54,0,0,54,54
DB 0,0,54,0,0,0,0,0,0,0,0,54,0,0,0,0,0,0,54,0,0,0,0,0,0,0,0,54,0,0,0,0,0,0,54,0,0,0,0,0,0,0,0,54,0,0,0,0,0,0
DB 54,0,0,0,0,0,0,0,0,54,0,0,0,0,0,0,54,0,0,0,0,0,0,0,0,54,0,0,0,0,0,0,54,0,0,0,0,0,0,0,0,54,0,0,0,0,0,0,54,54
DB 0,0,0,0,0,0,54,0,0,0,0,0,0,0,0,54,0,0,0,0,0,0,54,0,0,0,0,0,0,0,0,54,0,0,0,0,0,0,54,0,0,0,0,0,0,0,0,54,0,0
DB 0,0,0,0,54,0,0,0,0,0,0,0,0,54,0,0,0,0,0,0,54,0,0,0,0,0,0,0,0,54,0,0,0,0,0,0,54,0,0,0,0,0,0,0,0,54,0,0,54,54
DB 0,0,54,0,0,0,0,0,0,0,0,54,54,54,54,54,54,54,54,0,0,0,0,0,0,0,0,54,54,54,54,54,54,54,54,0,0,0,0,0,0,0,0,54,54,54,54,54,54,54
DB 54,0,0,0,0,0,0,0,0,54,54,54,54,54,54,54,54,0,0,0,0,0,0,0,0,54,54,54,54,54,54,54,54,0,0,0,0,0,0,0,0,54,54,54,54,54,54,54,54,54
DB 54,54,54,54,54,54,54,0,0,0,0,0,0,0,0,54,54,54,54,54,54,54,54,0,0,0,0,0,0,0,0,54,54,54,54,54,54,54,54,0,0,0,0,0,0,0,0,54,54,54
DB 54,54,54,54,54,0,0,0,0,0,0,0,0,54,54,54,54,54,54,54,54,0,0,0,0,0,0,0,0,54,54,54,54,54,54,54,54,0,0,0,0,0,0,0,0,54,0,0,54,54
DB 0,0,54,0,0,0,0,0,0,0,0,0,0,0,0,0,0,0,0,0,0,0,0,0,0,0,0,0,0,0,0,0,0,0,0,0,0,0,0,0,0,0,0,0,0,0,0,0,0,0
DB 0,0,0,0,0,0,0,0,0,0,0,0,0,0,0,0,0,0,0,0,0,0,0,0,0,0,0,0,0,0,0,0,0,0,0,0,0,0,0,0,0,0,0,0,0,0,0,0,0,0
DB 0,0,0,0,0,0,0,0,0,0,0,0,0,0,0,0,0,0,0,0,0,0,0,0,0,0,0,0,0,0,0,0,0,0,0,0,0,0,0,0,0,0,0,0,0,0,0,0,0,0
DB 0,0,0,0,0,0,0,0,0,0,0,0,0,0,0,0,0,0,0,0,0,0,0,0,0,0,0,0,0,0,0,0,0,0,0,0,0,0,0,0,0,0,0,0,0,54,0,0,54,54
DB 0,0,54,0,0,0,0,0,0,0,0,0,0,0,0,0,0,0,0,0,0,0,0,0,0,0,0,0,0,0,0,0,0,0,0,0,0,0,0,0,0,0,0,0,0,0,0,0,0,0
DB 0,0,0,0,0,0,0,0,0,0,0,0,0,0,0,0,0,0,0,0,0,0,0,0,0,0,0,0,0,0,0,0,0,0,0,0,0,0,0,0,0,0,0,0,0,0,0,0,0,0
DB 0,0,0,0,0,0,0,0,0,0,0,0,0,0,0,0,0,0,0,0,0,0,0,0,0,0,0,0,0,0,0,0,0,0,0,0,0,0,0,0,0,0,0,0,0,0,0,0,0,0
DB 0,0,0,0,0,0,0,0,0,0,0,0,0,0,0,0,0,0,0,0,0,0,0,0,0,0,0,0,0,0,0,0,0,0,0,0,0,0,0,0,0,0,0,0,0,54,0,0,54,54
DB 0,0,54,0,0,0,0,0,0,0,0,0,0,0,0,0,0,0,0,0,0,0,0,0,0,0,0,0,0,0,0,0,0,0,0,0,0,0,0,0,0,0,0,0,0,0,0,0,0,0
DB 0,0,0,0,0,0,0,0,0,0,0,0,0,0,0,0,0,0,0,0,0,0,0,0,0,0,0,0,0,0,0,0,0,0,0,0,0,0,0,0,0,0,0,0,0,0,0,0,0,0
DB 0,0,0,0,0,0,0,0,0,0,0,0,0,0,0,0,0,0,0,0,0,0,0,0,0,0,0,0,0,0,0,0,0,0,0,0,0,0,0,0,0,0,0,0,0,0,0,0,0,0
DB 0,0,0,0,0,0,0,0,0,0,0,0,0,0,0,0,0,0,0,0,0,0,0,0,0,0,0,0,0,0,0,0,0,0,0,0,0,0,0,0,0,0,0,0,0,54,0,0,54,54
DB 0,0,54,0,0,0,0,0,0,0,0,0,0,0,0,0,0,0,0,0,0,0,0,0,0,0,0,0,0,0,0,0,0,0,0,0,0,0,0,0,0,0,0,0,0,0,0,0,0,0
DB 0,0,0,0,0,0,0,0,0,0,0,0,0,0,0,0,0,0,0,0,0,0,0,0,0,0,0,0,0,0,0,0,0,0,0,0,0,0,0,0,0,0,0,0,0,0,0,0,0,0
DB 0,0,0,0,0,0,0,0,0,0,0,0,0,0,0,0,0,0,0,0,0,0,0,0,0,0,0,0,0,0,0,0,0,0,0,0,0,0,0,0,0,0,0,0,0,0,0,0,0,0
DB 0,0,0,0,0,0,0,0,0,0,0,0,0,0,0,0,0,0,0,0,0,0,0,0,0,0,0,0,0,0,0,0,0,0,0,0,0,0,0,0,0,0,0,0,0,54,0,0,54,54
DB 0,0,54,0,0,0,0,0,0,0,0,0,0,0,0,0,0,0,0,0,0,0,0,0,0,0,0,0,0,0,0,0,0,0,0,0,0,0,0,0,0,0,0,0,0,0,0,0,0,0
DB 0,0,0,0,0,0,0,0,0,0,0,0,0,0,0,0,0,0,0,0,0,0,0,0,0,0,0,0,0,0,0,0,0,0,0,0,0,0,0,0,0,0,0,0,0,0,0,0,0,0
DB 0,0,0,0,0,0,0,0,0,0,0,0,0,0,0,0,0,0,0,0,0,0,0,0,0,0,0,0,0,0,0,0,0,0,0,0,0,0,0,0,0,0,0,0,0,0,0,0,0,0
DB 0,0,0,0,0,0,0,0,0,0,0,0,0,0,0,0,0,0,0,0,0,0,0,0,0,0,0,0,0,0,0,0,0,0,0,0,0,0,0,0,0,0,0,0,0,54,0,0,54,54
DB 0,0,54,0,0,0,0,0,0,0,0,0,0,0,0,0,0,0,0,0,0,0,0,0,0,0,0,0,0,0,0,0,0,0,0,0,0,0,0,0,0,0,0,0,0,0,0,0,0,0
DB 0,0,0,0,0,0,0,0,0,0,0,0,0,0,0,0,0,0,0,0,0,0,0,0,0,0,0,0,0,0,0,0,0,0,0,0,0,0,0,0,0,0,0,0,0,0,0,0,0,0
DB 0,0,0,0,0,0,0,0,0,0,0,0,0,0,0,0,0,0,0,0,0,0,0,0,0,0,0,0,0,0,0,0,0,0,0,0,0,0,0,0,0,0,0,0,0,0,0,0,0,0
DB 0,0,0,0,0,0,0,0,0,0,0,0,0,0,0,0,0,0,0,0,0,0,0,0,0,0,0,0,0,0,0,0,0,0,0,0,0,0,0,0,0,0,0,0,0,54,0,0,54,54
DB 0,0,54,0,0,0,0,0,0,0,0,0,0,0,0,0,0,0,0,0,0,0,0,0,0,0,0,0,0,0,0,0,0,0,0,0,0,0,0,0,0,0,0,0,0,0,0,0,0,0
DB 0,0,0,0,0,0,0,0,0,0,0,0,0,0,0,0,0,0,0,0,0,0,0,0,0,0,0,0,0,0,0,0,0,0,0,0,0,0,0,0,0,0,0,0,0,0,0,0,0,0
DB 0,0,0,0,0,0,0,0,0,0,0,0,0,0,0,0,0,0,0,0,0,0,0,0,0,0,0,0,0,0,0,0,0,0,0,0,0,0,0,0,0,0,0,0,0,0,0,0,0,0
DB 0,0,0,0,0,0,0,0,0,0,0,0,0,0,0,0,0,0,0,0,0,0,0,0,0,0,0,0,0,0,0,0,0,0,0,0,0,0,0,0,0,0,0,0,0,54,0,0,54,54
DB 0,0,54,0,0,0,0,0,0,0,0,0,0,0,0,0,0,0,0,0,0,0,0,0,0,0,0,0,0,0,0,0,0,0,0,0,0,0,0,0,0,0,0,0,0,0,0,0,0,0
DB 0,0,0,0,0,0,0,0,0,0,0,0,0,0,0,0,0,0,0,0,0,0,0,0,0,0,0,0,0,0,0,0,0,0,0,0,0,0,0,0,0,0,0,0,0,0,0,0,0,0
DB 0,0,0,0,0,0,0,0,0,0,0,0,0,0,0,0,0,0,0,0,0,0,0,0,0,0,0,0,0,0,0,0,0,0,0,0,0,0,0,0,0,0,0,0,0,0,0,0,0,0
DB 0,0,0,0,0,0,0,0,0,0,0,0,0,0,0,0,0,0,0,0,0,0,0,0,0,0,0,0,0,0,0,0,0,0,0,0,0,0,0,0,0,0,0,0,0,54,0,0,54,54
DB 0,0,54,0,0,0,0,0,0,0,0,54,54,54,54,54,54,54,54,0,0,0,0,0,0,0,0,54,54,54,54,54,54,54,54,0,0,0,0,0,0,0,0,54,54,54,54,54,54,54
DB 54,0,0,0,0,0,0,0,0,54,54,54,54,54,54,54,54,0,0,0,0,0,0,0,0,54,54,54,54,54,54,54,54,0,0,0,0,0,0,0,0,54,54,54,54,54,54,54,54,54
DB 54,54,54,54,54,54,54,0,0,0,0,0,0,0,0,54,54,54,54,54,54,54,54,0,0,0,0,0,0,0,0,54,54,54,54,54,54,54,54,0,0,0,0,0,0,0,0,54,54,54
DB 54,54,54,54,54,0,0,0,0,0,0,0,0,54,54,54,54,54,54,54,54,0,0,0,0,0,0,0,0,54,54,54,54,54,54,54,54,0,0,0,0,0,0,0,0,54,0,0,54,54
DB 0,0,54,0,0,0,0,0,0,0,0,54,0,0,0,0,0,0,54,0,0,0,0,0,0,0,0,54,0,0,0,0,0,0,54,0,0,0,0,0,0,0,0,54,0,0,0,0,0,0
DB 54,0,0,0,0,0,0,0,0,54,0,0,0,0,0,0,54,0,0,0,0,0,0,0,0,54,0,0,0,0,0,0,54,0,0,0,0,0,0,0,0,54,0,0,0,0,0,0,54,54
DB 0,0,0,0,0,0,54,0,0,0,0,0,0,0,0,54,0,0,0,0,0,0,54,0,0,0,0,0,0,0,0,54,0,0,0,0,0,0,54,0,0,0,0,0,0,0,0,54,0,0
DB 0,0,0,0,54,0,0,0,0,0,0,0,0,54,0,0,0,0,0,0,54,0,0,0,0,0,0,0,0,54,0,0,0,0,0,0,54,0,0,0,0,0,0,0,0,54,0,0,54,54
DB 0,0,54,0,0,0,0,0,0,0,0,54,0,0,0,0,0,0,54,0,0,0,0,0,0,0,0,54,0,0,0,0,0,0,54,0,0,0,0,0,0,0,0,54,0,0,0,0,0,0
DB 54,0,0,0,0,0,0,0,0,54,0,0,0,0,0,0,54,0,0,0,0,0,0,0,0,54,0,0,0,0,0,0,54,0,0,0,0,0,0,0,0,54,0,0,0,0,0,0,54,54
DB 0,0,0,0,0,0,54,0,0,0,0,0,0,0,0,54,0,0,0,0,0,0,54,0,0,0,0,0,0,0,0,54,0,0,0,0,0,0,54,0,0,0,0,0,0,0,0,54,0,0
DB 0,0,0,0,54,0,0,0,0,0,0,0,0,54,0,0,0,0,0,0,54,0,0,0,0,0,0,0,0,54,0,0,0,0,0,0,54,0,0,0,0,0,0,0,0,54,0,0,54,54
DB 0,0,54,0,0,0,0,0,0,0,0,54,0,0,0,0,0,0,54,0,0,0,0,0,0,0,0,54,0,0,0,0,0,0,54,0,0,0,0,0,0,0,0,54,0,0,0,0,0,0
DB 54,0,0,0,0,0,0,0,0,54,0,0,0,0,0,0,54,0,0,0,0,0,0,0,0,54,0,0,0,0,0,0,54,0,0,0,0,0,0,0,0,54,0,0,0,0,0,0,54,54
DB 0,0,0,0,0,0,54,0,0,0,0,0,0,0,0,54,0,0,0,0,0,0,54,0,0,0,0,0,0,0,0,54,0,0,0,0,0,0,54,0,0,0,0,0,0,0,0,54,0,0
DB 0,0,0,0,54,0,0,0,0,0,0,0,0,54,0,0,0,0,0,0,54,0,0,0,0,0,0,0,0,54,0,0,0,0,0,0,54,0,0,0,0,0,0,0,0,54,0,0,54,54
DB 0,0,54,0,0,0,0,0,0,0,0,54,0,0,0,0,0,0,54,0,0,0,0,0,0,0,0,54,0,0,0,0,0,0,54,0,0,0,0,0,0,0,0,54,0,0,0,0,0,0
DB 54,0,0,0,0,0,0,0,0,54,0,0,0,0,0,0,54,0,0,0,0,0,0,0,0,54,0,0,0,0,0,0,54,0,0,0,0,0,0,0,0,54,0,0,0,0,0,0,54,54
DB 0,0,0,0,0,0,54,0,0,0,0,0,0,0,0,54,0,0,0,0,0,0,54,0,0,0,0,0,0,0,0,54,0,0,0,0,0,0,54,0,0,0,0,0,0,0,0,54,0,0
DB 0,0,0,0,54,0,0,0,0,0,0,0,0,54,0,0,0,0,0,0,54,0,0,0,0,0,0,0,0,54,0,0,0,0,0,0,54,0,0,0,0,0,0,0,0,54,0,0,54,54
DB 0,0,54,0,0,0,0,0,0,0,0,54,0,0,0,0,0,0,54,0,0,0,0,0,0,0,0,54,0,0,0,0,0,0,54,0,0,0,0,0,0,0,0,54,0,0,0,0,0,0
DB 54,0,0,0,0,0,0,0,0,54,0,0,0,0,0,0,54,0,0,0,0,0,0,0,0,54,0,0,0,0,0,0,54,0,0,0,0,0,0,0,0,54,0,0,0,0,0,0,54,54
DB 0,0,0,0,0,0,54,0,0,0,0,0,0,0,0,54,0,0,0,0,0,0,54,0,0,0,0,0,0,0,0,54,0,0,0,0,0,0,54,0,0,0,0,0,0,0,0,54,0,0
DB 0,0,0,0,54,0,0,0,0,0,0,0,0,54,0,0,0,0,0,0,54,0,0,0,0,0,0,0,0,54,0,0,0,0,0,0,54,0,0,0,0,0,0,0,0,54,0,0,54,54
DB 0,0,54,0,0,0,0,0,0,0,0,54,0,0,0,0,0,0,54,0,0,0,0,0,0,0,0,54,0,0,0,0,0,0,54,0,0,0,0,0,0,0,0,54,0,0,0,0,0,0
DB 54,0,0,0,0,0,0,0,0,54,0,0,0,0,0,0,54,0,0,0,0,0,0,0,0,54,0,0,0,0,0,0,54,0,0,0,0,0,0,0,0,54,0,0,0,0,0,0,54,54
DB 0,0,0,0,0,0,54,0,0,0,0,0,0,0,0,54,0,0,0,0,0,0,54,0,0,0,0,0,0,0,0,54,0,0,0,0,0,0,54,0,0,0,0,0,0,0,0,54,0,0
DB 0,0,0,0,54,0,0,0,0,0,0,0,0,54,0,0,0,0,0,0,54,0,0,0,0,0,0,0,0,54,0,0,0,0,0,0,54,0,0,0,0,0,0,0,0,54,0,0,54,54
DB 0,0,54,0,0,0,0,0,0,0,0,54,54,54,54,54,54,54,54,0,0,0,0,0,0,0,0,54,54,54,54,54,54,54,54,0,0,0,0,0,0,0,0,54,54,54,54,54,54,54
DB 54,0,0,0,0,0,0,0,0,54,54,54,54,54,54,54,54,0,0,0,0,0,0,0,0,54,54,54,54,54,54,54,54,0,0,0,0,0,0,0,0,54,54,54,54,54,54,54,54,54
DB 54,54,54,54,54,54,54,0,0,0,0,0,0,0,0,54,54,54,54,54,54,54,54,0,0,0,0,0,0,0,0,54,54,54,54,54,54,54,54,0,0,0,0,0,0,0,0,54,54,54
DB 54,54,54,54,54,0,0,0,0,0,0,0,0,54,54,54,54,54,54,54,54,0,0,0,0,0,0,0,0,54,54,54,54,54,54,54,54,0,0,0,0,0,0,0,0,54,0,0,54,54
DB 0,0,54,0,0,0,0,0,0,0,0,0,0,0,0,0,0,0,0,0,0,0,0,0,0,0,0,0,0,0,0,0,0,0,0,0,0,0,0,0,0,0,0,0,0,0,0,0,0,0
DB 0,0,0,0,0,0,0,0,0,0,0,0,0,0,0,0,0,0,0,0,0,0,0,0,0,0,0,0,0,0,0,0,0,0,0,0,0,0,0,0,0,0,0,0,0,0,0,0,0,0
DB 0,0,0,0,0,0,0,0,0,0,0,0,0,0,0,0,0,0,0,0,0,0,0,0,0,0,0,0,0,0,0,0,0,0,0,0,0,0,0,0,0,0,0,0,0,0,0,0,0,0
DB 0,0,0,0,0,0,0,0,0,0,0,0,0,0,0,0,0,0,0,0,0,0,0,0,0,0,0,0,0,0,0,0,0,0,0,0,0,0,0,0,0,0,0,0,0,54,0,0,54,54
DB 0,0,54,0,0,0,0,0,0,0,0,0,0,0,0,0,0,0,0,0,0,0,0,0,0,0,0,0,0,0,0,0,0,0,0,0,0,0,0,0,0,0,0,0,0,0,0,0,0,0
DB 0,0,0,0,0,0,0,0,0,0,0,0,0,0,0,0,0,0,0,0,0,0,0,0,0,0,0,0,0,0,0,0,0,0,0,0,0,0,0,0,0,0,0,0,0,0,0,0,0,0
DB 0,0,0,0,0,0,0,0,0,0,0,0,0,0,0,0,0,0,0,0,0,0,0,0,0,0,0,0,0,0,0,0,0,0,0,0,0,0,0,0,0,0,0,0,0,0,0,0,0,0
DB 0,0,0,0,0,0,0,0,0,0,0,0,0,0,0,0,0,0,0,0,0,0,0,0,0,0,0,0,0,0,0,0,0,0,0,0,0,0,0,0,0,0,0,0,0,54,0,0,54,54
DB 0,0,54,0,0,0,0,0,0,0,0,0,0,0,0,0,0,0,0,0,0,0,0,0,0,0,0,0,0,0,0,0,0,0,0,0,0,0,0,0,0,0,0,0,0,0,0,0,0,0
DB 0,0,0,0,0,0,0,0,0,0,0,0,0,0,0,0,0,0,0,0,0,0,0,0,0,0,0,0,0,0,0,0,0,0,0,0,0,0,0,0,0,0,0,0,0,0,0,0,0,0
DB 0,0,0,0,0,0,0,0,0,0,0,0,0,0,0,0,0,0,0,0,0,0,0,0,0,0,0,0,0,0,0,0,0,0,0,0,0,0,0,0,0,0,0,0,0,0,0,0,0,0
DB 0,0,0,0,0,0,0,0,0,0,0,0,0,0,0,0,0,0,0,0,0,0,0,0,0,0,0,0,0,0,0,0,0,0,0,0,0,0,0,0,0,0,0,0,0,54,0,0,54,54
DB 0,0,54,0,0,0,0,0,0,0,0,0,0,0,0,0,0,0,0,0,0,0,0,0,0,0,0,0,0,0,0,0,0,0,0,0,0,0,0,0,0,0,0,0,0,0,0,0,0,0
DB 0,0,0,0,0,0,0,0,0,0,0,0,0,0,0,0,0,0,0,0,0,0,0,0,0,0,0,0,0,0,0,0,0,0,0,0,0,0,0,0,0,0,0,0,0,0,0,0,0,0
DB 0,0,0,0,0,0,0,0,0,0,0,0,0,0,0,0,0,0,0,0,0,0,0,0,0,0,0,0,0,0,0,0,0,0,0,0,0,0,0,0,0,0,0,0,0,0,0,0,0,0
DB 0,0,0,0,0,0,0,0,0,0,0,0,0,0,0,0,0,0,0,0,0,0,0,0,0,0,0,0,0,0,0,0,0,0,0,0,0,0,0,0,0,0,0,0,0,54,0,0,54,54
DB 0,0,54,0,0,0,0,0,0,0,0,0,0,0,0,0,0,0,0,0,0,0,0,0,0,0,0,0,0,0,0,0,0,0,0,0,0,0,0,0,0,0,0,0,0,0,0,0,0,0
DB 0,0,0,0,0,0,0,0,0,0,0,0,0,0,0,0,0,0,0,0,0,0,0,0,0,0,0,0,0,0,0,0,0,0,0,0,0,0,0,0,0,0,0,0,0,0,0,0,0,0
DB 0,0,0,0,0,0,0,0,0,0,0,0,0,0,0,0,0,0,0,0,0,0,0,0,0,0,0,0,0,0,0,0,0,0,0,0,0,0,0,0,0,0,0,0,0,0,0,0,0,0
DB 0,0,0,0,0,0,0,0,0,0,0,0,0,0,0,0,0,0,0,0,0,0,0,0,0,0,0,0,0,0,0,0,0,0,0,0,0,0,0,0,0,0,0,0,0,54,0,0,54,54
DB 0,0,54,0,0,0,0,0,0,0,0,0,0,0,0,0,0,0,0,0,0,0,0,0,0,0,0,0,0,0,0,0,0,0,0,0,0,0,0,0,0,0,0,0,0,0,0,0,0,0
DB 0,0,0,0,0,0,0,0,0,0,0,0,0,0,0,0,0,0,0,0,0,0,0,0,0,0,0,0,0,0,0,0,0,0,0,0,0,0,0,0,0,0,0,0,0,0,0,0,0,0
DB 0,0,0,0,0,0,0,0,0,0,0,0,0,0,0,0,0,0,0,0,0,0,0,0,0,0,0,0,0,0,0,0,0,0,0,0,0,0,0,0,0,0,0,0,0,0,0,0,0,0
DB 0,0,0,0,0,0,0,0,0,0,0,0,0,0,0,0,0,0,0,0,0,0,0,0,0,0,0,0,0,0,0,0,0,0,0,0,0,0,0,0,0,0,0,0,0,54,0,0,54,54
DB 0,0,54,0,0,0,0,0,0,0,0,0,0,0,0,0,0,0,0,0,0,0,0,0,0,0,0,0,0,0,0,0,0,0,0,0,0,0,0,0,0,0,0,0,0,0,0,0,0,0
DB 0,0,0,0,0,0,0,0,0,0,0,0,0,0,0,0,0,0,0,0,0,0,0,0,0,0,0,0,0,0,0,0,0,0,0,0,0,0,0,0,0,0,0,0,0,0,0,0,0,0
DB 0,0,0,0,0,0,0,0,0,0,0,0,0,0,0,0,0,0,0,0,0,0,0,0,0,0,0,0,0,0,0,0,0,0,0,0,0,0,0,0,0,0,0,0,0,0,0,0,0,0
DB 0,0,0,0,0,0,0,0,0,0,0,0,0,0,0,0,0,0,0,0,0,0,0,0,0,0,0,0,0,0,0,0,0,0,0,0,0,0,0,0,0,0,0,0,0,54,0,0,54,54
DB 0,0,54,0,0,0,0,0,0,0,0,0,0,0,0,0,0,0,0,0,0,0,0,0,0,0,0,0,0,0,0,0,0,0,0,0,0,0,0,0,0,0,0,0,0,0,0,0,0,0
DB 0,0,0,0,0,0,0,0,0,0,0,0,0,0,0,0,0,0,0,0,0,0,0,0,0,0,0,0,0,0,0,0,0,0,0,0,0,0,0,0,0,0,0,0,0,0,0,0,0,0
DB 0,0,0,0,0,0,0,0,0,0,0,0,0,0,0,0,0,0,0,0,0,0,0,0,0,0,0,0,0,0,0,0,0,0,0,0,0,0,0,0,0,0,0,0,0,0,0,0,0,0
DB 0,0,0,0,0,0,0,0,0,0,0,0,0,0,0,0,0,0,0,0,0,0,0,0,0,0,0,0,0,0,0,0,0,0,0,0,0,0,0,0,0,0,0,0,0,54,0,0,54,54
DB 0,0,54,0,0,0,0,0,0,0,0,54,54,54,54,54,54,54,54,0,0,0,0,0,0,0,0,54,54,54,54,54,54,54,54,0,0,0,0,0,0,0,0,54,54,54,54,54,54,54
DB 54,0,0,0,0,0,0,0,0,54,54,54,54,54,54,54,54,0,0,0,0,0,0,0,0,54,54,54,54,54,54,54,54,0,0,0,0,0,0,0,0,54,54,54,54,54,54,54,54,54
DB 54,54,54,54,54,54,54,0,0,0,0,0,0,0,0,54,54,54,54,54,54,54,54,0,0,0,0,0,0,0,0,54,54,54,54,54,54,54,54,0,0,0,0,0,0,0,0,54,54,54
DB 54,54,54,54,54,0,0,0,0,0,0,0,0,54,54,54,54,54,54,54,54,0,0,0,0,0,0,0,0,54,54,54,54,54,54,54,54,0,0,0,0,0,0,0,0,54,0,0,54,54
DB 0,0,54,0,0,0,0,0,0,0,0,54,0,0,0,0,0,0,54,0,0,0,0,0,0,0,0,54,0,0,0,0,0,0,54,0,0,0,0,0,0,0,0,54,0,0,0,0,0,0
DB 54,0,0,0,0,0,0,0,0,54,0,0,0,0,0,0,54,0,0,0,0,0,0,0,0,54,0,0,0,0,0,0,54,0,0,0,0,0,0,0,0,54,0,0,0,0,0,0,54,54
DB 0,0,0,0,0,0,54,0,0,0,0,0,0,0,0,54,0,0,0,0,0,0,54,0,0,0,0,0,0,0,0,54,0,0,0,0,0,0,54,0,0,0,0,0,0,0,0,54,0,0
DB 0,0,0,0,54,0,0,0,0,0,0,0,0,54,0,0,0,0,0,0,54,0,0,0,0,0,0,0,0,54,0,0,0,0,0,0,54,0,0,0,0,0,0,0,0,54,0,0,54,54
DB 0,0,54,0,0,0,0,0,0,0,0,54,0,0,0,0,0,0,54,0,0,0,0,0,0,0,0,54,0,0,0,0,0,0,54,0,0,0,0,0,0,0,0,54,0,0,0,0,0,0
DB 54,0,0,0,0,0,0,0,0,54,0,0,0,0,0,0,54,0,0,0,0,0,0,0,0,54,0,0,0,0,0,0,54,0,0,0,0,0,0,0,0,54,0,0,0,0,0,0,54,54
DB 0,0,0,0,0,0,54,0,0,0,0,0,0,0,0,54,0,0,0,0,0,0,54,0,0,0,0,0,0,0,0,54,0,0,0,0,0,0,54,0,0,0,0,0,0,0,0,54,0,0
DB 0,0,0,0,54,0,0,0,0,0,0,0,0,54,0,0,0,0,0,0,54,0,0,0,0,0,0,0,0,54,0,0,0,0,0,0,54,0,0,0,0,0,0,0,0,54,0,0,54,54
DB 0,0,54,0,0,0,0,0,0,0,0,54,0,0,0,0,0,0,54,0,0,0,0,0,0,0,0,54,0,0,0,0,0,0,54,0,0,0,0,0,0,0,0,54,0,0,0,0,0,0
DB 54,0,0,0,0,0,0,0,0,54,0,0,0,0,0,0,54,0,0,0,0,0,0,0,0,54,0,0,0,0,0,0,54,0,0,0,0,0,0,0,0,54,0,0,0,0,0,0,54,54
DB 0,0,0,0,0,0,54,0,0,0,0,0,0,0,0,54,0,0,0,0,0,0,54,0,0,0,0,0,0,0,0,54,0,0,0,0,0,0,54,0,0,0,0,0,0,0,0,54,0,0
DB 0,0,0,0,54,0,0,0,0,0,0,0,0,54,0,0,0,0,0,0,54,0,0,0,0,0,0,0,0,54,0,0,0,0,0,0,54,0,0,0,0,0,0,0,0,54,0,0,54,54
DB 0,0,54,0,0,0,0,0,0,0,0,54,0,0,0,0,0,0,54,0,0,0,0,0,0,0,0,54,0,0,0,0,0,0,54,0,0,0,0,0,0,0,0,54,0,0,0,0,0,0
DB 54,0,0,0,0,0,0,0,0,54,0,0,0,0,0,0,54,0,0,0,0,0,0,0,0,54,0,0,0,0,0,0,54,0,0,0,0,0,0,0,0,54,0,0,0,0,0,0,54,54
DB 0,0,0,0,0,0,54,0,0,0,0,0,0,0,0,54,0,0,0,0,0,0,54,0,0,0,0,0,0,0,0,54,0,0,0,0,0,0,54,0,0,0,0,0,0,0,0,54,0,0
DB 0,0,0,0,54,0,0,0,0,0,0,0,0,54,0,0,0,0,0,0,54,0,0,0,0,0,0,0,0,54,0,0,0,0,0,0,54,0,0,0,0,0,0,0,0,54,0,0,54,54
DB 0,0,54,0,0,0,0,0,0,0,0,54,0,0,0,0,0,0,54,0,0,0,0,0,0,0,0,54,0,0,0,0,0,0,54,0,0,0,0,0,0,0,0,54,0,0,0,0,0,0
DB 54,0,0,0,0,0,0,0,0,54,0,0,0,0,0,0,54,0,0,0,0,0,0,0,0,54,0,0,0,0,0,0,54,0,0,0,0,0,0,0,0,54,0,0,0,0,0,0,54,54
DB 0,0,0,0,0,0,54,0,0,0,0,0,0,0,0,54,0,0,0,0,0,0,54,0,0,0,0,0,0,0,0,54,0,0,0,0,0,0,54,0,0,0,0,0,0,0,0,54,0,0
DB 0,0,0,0,54,0,0,0,0,0,0,0,0,54,0,0,0,0,0,0,54,0,0,0,0,0,0,0,0,54,0,0,0,0,0,0,54,0,0,0,0,0,0,0,0,54,0,0,54,54
DB 0,0,54,0,0,0,0,0,0,0,0,54,0,0,0,0,0,0,54,0,0,0,0,0,0,0,0,54,0,0,0,0,0,0,54,0,0,0,0,0,0,0,0,54,0,0,0,0,0,0
DB 54,0,0,0,0,0,0,0,0,54,0,0,0,0,0,0,54,0,0,0,0,0,0,0,0,54,0,0,0,0,0,0,54,0,0,0,0,0,0,0,0,54,0,0,0,0,0,0,54,54
DB 0,0,0,0,0,0,54,0,0,0,0,0,0,0,0,54,0,0,0,0,0,0,54,0,0,0,0,0,0,0,0,54,0,0,0,0,0,0,54,0,0,0,0,0,0,0,0,54,0,0
DB 0,0,0,0,54,0,0,0,0,0,0,0,0,54,0,0,0,0,0,0,54,0,0,0,0,0,0,0,0,54,0,0,0,0,0,0,54,0,0,0,0,0,0,0,0,54,0,0,54,54
DB 0,0,54,0,0,0,0,0,0,0,0,54,54,54,54,54,54,54,54,0,0,0,0,0,0,0,0,54,54,54,54,54,54,54,54,0,0,0,0,0,0,0,0,54,54,54,54,54,54,54
DB 54,0,0,0,0,0,0,0,0,54,54,54,54,54,54,54,54,0,0,0,0,0,0,0,0,54,54,54,54,54,54,54,54,0,0,0,0,0,0,0,0,54,54,54,54,54,54,54,54,54
DB 54,54,54,54,54,54,54,0,0,0,0,0,0,0,0,54,54,54,54,54,54,54,54,0,0,0,0,0,0,0,0,54,54,54,54,54,54,54,54,0,0,0,0,0,0,0,0,54,54,54
DB 54,54,54,54,54,0,0,0,0,0,0,0,0,54,54,54,54,54,54,54,54,0,0,0,0,0,0,0,0,54,54,54,54,54,54,54,54,0,0,0,0,0,0,0,0,54,0,0,54,54
DB 0,0,54,0,0,0,0,0,0,0,0,0,0,0,0,0,0,0,0,0,0,0,0,0,0,0,0,0,0,0,0,0,0,0,0,0,0,0,0,0,0,0,0,0,0,0,0,0,0,0
DB 0,0,0,0,0,0,0,0,0,0,0,0,0,0,0,0,0,0,0,0,0,0,0,0,0,0,0,0,0,0,0,0,0,0,0,0,0,0,0,0,0,0,0,0,0,0,0,0,0,0
DB 0,0,0,0,0,0,0,0,0,0,0,0,0,0,0,0,0,0,0,0,0,0,0,0,0,0,0,0,0,0,0,0,0,0,0,0,0,0,0,0,0,0,0,0,0,0,0,0,0,0
DB 0,0,0,0,0,0,0,0,0,0,0,0,0,0,0,0,0,0,0,0,0,0,0,0,0,0,0,0,0,0,0,0,0,0,0,0,0,0,0,0,0,0,0,0,0,54,0,0,54,54
DB 0,0,54,0,0,0,0,0,0,0,0,0,0,0,0,0,0,0,0,0,0,0,0,0,0,0,0,0,0,0,0,0,0,0,0,0,0,0,0,0,0,0,0,0,0,0,0,0,0,0
DB 0,0,0,0,0,0,0,0,0,0,0,0,0,0,0,0,0,0,0,0,0,0,0,0,0,0,0,0,0,0,0,0,0,0,0,0,0,0,0,0,0,0,0,0,0,0,0,0,0,0
DB 0,0,0,0,0,0,0,0,0,0,0,0,0,0,0,0,0,0,0,0,0,0,0,0,0,0,0,0,0,0,0,0,0,0,0,0,0,0,0,0,0,0,0,0,0,0,0,0,0,0
DB 0,0,0,0,0,0,0,0,0,0,0,0,0,0,0,0,0,0,0,0,0,0,0,0,0,0,0,0,0,0,0,0,0,0,0,0,0,0,0,0,0,0,0,0,0,54,0,0,54,54
DB 0,0,54,0,0,0,0,0,0,0,0,0,0,0,0,0,0,0,0,0,0,0,0,0,0,0,0,0,0,0,0,0,0,0,0,0,0,0,0,0,0,0,0,0,0,0,0,0,0,0
DB 0,0,0,0,0,0,0,0,0,0,0,0,0,0,0,0,0,0,0,0,0,0,0,0,0,0,0,0,0,0,0,0,0,0,0,0,0,0,0,0,0,0,0,0,0,0,0,0,0,0
DB 0,0,0,0,0,0,0,0,0,0,0,0,0,0,0,0,0,0,0,0,0,0,0,0,0,0,0,0,0,0,0,0,0,0,0,0,0,0,0,0,0,0,0,0,0,0,0,0,0,0
DB 0,0,0,0,0,0,0,0,0,0,0,0,0,0,0,0,0,0,0,0,0,0,0,0,0,0,0,0,0,0,0,0,0,0,0,0,0,0,0,0,0,0,0,0,0,54,0,0,54,54
DB 0,0,54,0,0,0,0,0,0,0,0,0,0,0,0,0,0,0,0,0,0,0,0,0,0,0,0,0,0,0,0,0,0,0,0,0,0,0,0,0,0,0,0,0,0,0,0,0,0,0
DB 0,0,0,0,0,0,0,0,0,0,0,0,0,0,0,0,0,0,0,0,0,0,0,0,0,0,0,0,0,0,0,0,0,0,0,0,0,0,0,0,0,0,0,0,0,0,0,0,0,0
DB 0,0,0,0,0,0,0,0,0,0,0,0,0,0,0,0,0,0,0,0,0,0,0,0,0,0,0,0,0,0,0,0,0,0,0,0,0,0,0,0,0,0,0,0,0,0,0,0,0,0
DB 0,0,0,0,0,0,0,0,0,0,0,0,0,0,0,0,0,0,0,0,0,0,0,0,0,0,0,0,0,0,0,0,0,0,0,0,0,0,0,0,0,0,0,0,0,54,0,0,54,54
DB 0,0,54,0,0,0,0,0,0,0,0,0,0,0,0,0,0,0,0,0,0,0,0,0,0,0,0,0,0,0,0,0,0,0,0,0,0,0,0,0,0,0,0,0,0,0,0,0,0,0
DB 0,0,0,0,0,0,0,0,0,0,0,0,0,0,0,0,0,0,0,0,0,0,0,0,0,0,0,0,0,0,0,0,0,0,0,0,0,0,0,0,0,0,0,0,0,0,0,0,0,0
DB 0,0,0,0,0,0,0,0,0,0,0,0,0,0,0,0,0,0,0,0,0,0,0,0,0,0,0,0,0,0,0,0,0,0,0,0,0,0,0,0,0,0,0,0,0,0,0,0,0,0
DB 0,0,0,0,0,0,0,0,0,0,0,0,0,0,0,0,0,0,0,0,0,0,0,0,0,0,0,0,0,0,0,0,0,0,0,0,0,0,0,0,0,0,0,0,0,54,0,0,54,54
DB 0,0,54,0,0,0,0,0,0,0,0,0,0,0,0,0,0,0,0,0,0,0,0,0,0,0,0,0,0,0,0,0,0,0,0,0,0,0,0,0,0,0,0,0,0,0,0,0,0,0
DB 0,0,0,0,0,0,0,0,0,0,0,0,0,0,0,0,0,0,0,0,0,0,0,0,0,0,0,0,0,0,0,0,0,0,0,0,0,0,0,0,0,0,0,0,0,0,0,0,0,0
DB 0,0,0,0,0,0,0,0,0,0,0,0,0,0,0,0,0,0,0,0,0,0,0,0,0,0,0,0,0,0,0,0,0,0,0,0,0,0,0,0,0,0,0,0,0,0,0,0,0,0
DB 0,0,0,0,0,0,0,0,0,0,0,0,0,0,0,0,0,0,0,0,0,0,0,0,0,0,0,0,0,0,0,0,0,0,0,0,0,0,0,0,0,0,0,0,0,54,0,0,54,54
DB 0,0,54,0,0,0,0,0,0,0,0,0,0,0,0,0,0,0,0,0,0,0,0,0,0,0,0,0,0,0,0,0,0,0,0,0,0,0,0,0,0,0,0,0,0,0,0,0,0,0
DB 0,0,0,0,0,0,0,0,0,0,0,0,0,0,0,0,0,0,0,0,0,0,0,0,0,0,0,0,0,0,0,0,0,0,0,0,0,0,0,0,0,0,0,0,0,0,0,0,0,0
DB 0,0,0,0,0,0,0,0,0,0,0,0,0,0,0,0,0,0,0,0,0,0,0,0,0,0,0,0,0,0,0,0,0,0,0,0,0,0,0,0,0,0,0,0,0,0,0,0,0,0
DB 0,0,0,0,0,0,0,0,0,0,0,0,0,0,0,0,0,0,0,0,0,0,0,0,0,0,0,0,0,0,0,0,0,0,0,0,0,0,0,0,0,0,0,0,0,54,0,0,54,54
DB 0,0,54,0,0,0,0,0,0,0,0,0,0,0,0,0,0,0,0,0,0,0,0,0,0,0,0,0,0,0,0,0,0,0,0,0,0,0,0,0,0,0,0,0,0,0,0,0,0,0
DB 0,0,0,0,0,0,0,0,0,0,0,0,0,0,0,0,0,0,0,0,0,0,0,0,0,0,0,0,0,0,0,0,0,0,0,0,0,0,0,0,0,0,0,0,0,0,0,0,0,0
DB 0,0,0,0,0,0,0,0,0,0,0,0,0,0,0,0,0,0,0,0,0,0,0,0,0,0,0,0,0,0,0,0,0,0,0,0,0,0,0,0,0,0,0,0,0,0,0,0,0,0
DB 0,0,0,0,0,0,0,0,0,0,0,0,0,0,0,0,0,0,0,0,0,0,0,0,0,0,0,0,0,0,0,0,0,0,0,0,0,0,0,0,0,0,0,0,0,54,0,0,54,54
DB 0,0,54,54,54,54,54,54,54,54,54,54,54,54,54,54,54,54,54,54,54,54,54,54,54,54,54,54,54,54,54,54,54,54,54,54,54,54,54,54,54,54,54,54,54,54,54,54,54,54
DB 54,54,54,54,54,54,54,54,54,54,54,54,54,54,54,54,54,54,54,54,54,54,54,54,54,54,54,54,54,54,54,54,54,54,54,54,54,54,54,54,54,54,54,54,54,54,54,54,54,54
DB 54,54,54,54,54,54,54,54,54,54,54,54,54,54,54,54,54,54,54,54,54,54,54,54,54,54,54,54,54,54,54,54,54,54,54,54,54,54,54,54,54,54,54,54,54,54,54,54,54,54
DB 54,54,54,54,54,54,54,54,54,54,54,54,54,54,54,54,54,54,54,54,54,54,54,54,54,54,54,54,54,54,54,54,54,54,54,54,54,54,54,54,54,54,54,54,54,54,0,0,54,54
DB 0,0,0,0,0,0,0,0,0,0,0,0,0,0,0,0,0,0,0,0,0,0,0,0,0,0,0,0,0,0,0,0,0,0,0,0,0,0,0,0,0,0,0,0,0,0,0,0,0,0
DB 0,0,0,0,0,0,0,0,0,0,0,0,0,0,0,0,0,0,0,0,0,0,0,0,0,0,0,0,0,0,0,0,0,0,0,0,0,0,0,0,0,0,0,0,0,0,0,0,0,0
DB 0,0,0,0,0,0,0,0,0,0,0,0,0,0,0,0,0,0,0,0,0,0,0,0,0,0,0,0,0,0,0,0,0,0,0,0,0,0,0,0,0,0,0,0,0,0,0,0,0,0
DB 0,0,0,0,0,0,0,0,0,0,0,0,0,0,0,0,0,0,0,0,0,0,0,0,0,0,0,0,0,0,0,0,0,0,0,0,0,0,0,0,0,0,0,0,0,0,0,0,54,54
DB 0,0,0,0,0,0,0,0,0,0,0,0,0,0,0,0,0,0,0,0,0,0,0,0,0,0,0,0,0,0,0,0,0,0,0,0,0,0,0,0,0,0,0,0,0,0,0,0,0,0
DB 0,0,0,0,0,0,0,0,0,0,0,0,0,0,0,0,0,0,0,0,0,0,0,0,0,0,0,0,0,0,0,0,0,0,0,0,0,0,0,0,0,0,0,0,0,0,0,0,0,0
DB 0,0,0,0,0,0,0,0,0,0,0,0,0,0,0,0,0,0,0,0,0,0,0,0,0,0,0,0,0,0,0,0,0,0,0,0,0,0,0,0,0,0,0,0,0,0,0,0,0,0
DB 0,0,0,0,0,0,0,0,0,0,0,0,0,0,0,0,0,0,0,0,0,0,0,0,0,0,0,0,0,0,0,0,0,0,0,0,0,0,0,0,0,0,0,0,0,0,0,0,54,54
DB 54,54,54,54,54,54,54,54,54,54,54,54,54,54,54,54,54,54,54,54,54,54,54,54,54,54,54,54,54,54,54,54,54,54,54,54,54,54,54,54,54,54,54,54,54,54,54,54,54,54
DB 54,54,54,54,54,54,54,54,54,54,54,54,54,54,54,54,54,54,54,54,54,54,54,54,54,54,54,54,54,54,54,54,54,54,54,54,54,54,54,54,54,54,54,54,54,54,54,54,54,54
DB 54,54,54,54,54,54,54,54,54,54,54,54,54,54,54,54,54,54,54,54,54,54,54,54,54,54,54,54,54,54,54,54,54,54,54,54,54,54,54,54,54,54,54,54,54,54,54,54,54,54
DB 54,54,54,54,54,54,54,54,54,54,54,54,54,54,54,54,54,54,54,54,54,54,54,54,54,54,54,54,54,54,54,54,54,54,54,54,54,54,54,54,54,54,54,54,54,54,54,54,54,